Index,Sum,First Digit,Second Digit
1,7,5,2
2,3,1,2
3,7,1,6
4,11,3,8
5,12,8,4
6,15,6,9
7,12,8,4
8,17,9,8
9,9,2,7
10,7,3,4
11,5,2,3
12,11,3,8
13,9,7,2
14,4,4,0
15,11,2,9
16,5,1,4
17,16,9,7
18,12,9,3
19,11,8,3
20,8,3,5
21,3,3,0
22,10,7,3
23,17,8,9
24,14,7,7
25,8,6,2
26,12,6,6
27,9,0,9
28,16,7,9
29,11,8,3
30,17,9,8
31,6,1,5
32,15,7,8
33,16,8,8
34,10,9,1
35,5,2,3
36,14,7,7
37,18,9,9
38,4,2,2
39,9,5,4
40,12,6,6
41,15,6,9
42,8,5,3
43,7,0,7
44,12,3,9
45,7,4,3
46,13,4,9
47,12,4,8
48,9,4,5
49,18,9,9
50,0,0,0
51,14,9,5
52,12,6,6
53,7,1,6
54,6,0,6
55,7,4,3
56,6,3,3
57,10,7,3
58,9,4,5
59,14,6,8
60,12,3,9
61,12,3,9
62,9,9,0
63,12,9,3
64,9,4,5
65,17,9,8
66,14,7,7
67,17,8,9
68,14,6,8
69,10,8,2
70,6,2,4
71,12,5,7
72,7,5,2
73,8,2,6
74,4,1,3
75,18,9,9
76,4,0,4
77,8,2,6
78,12,6,6
79,9,1,8
80,15,7,8
81,13,5,8
82,17,9,8
83,14,6,8
84,14,7,7
85,12,8,4
86,15,8,7
87,13,6,7
88,12,7,5
89,4,1,3
90,11,7,4
91,8,6,2
92,8,1,7
93,15,7,8
94,7,4,3
95,14,8,6
96,6,1,5
97,13,9,4
98,11,3,8
99,12,3,9
100,11,3,8
101,1,0,1
102,15,8,7
103,5,0,5
104,11,3,8
105,7,3,4
106,16,9,7
107,15,7,8
108,11,3,8
109,13,9,4
110,6,2,4
111,9,5,4
112,10,6,4
113,13,4,9
114,16,7,9
115,8,3,5
116,7,5,2
117,11,7,4
118,10,9,1
119,10,6,4
120,11,2,9
121,10,1,9
122,15,6,9
123,13,8,5
124,11,8,3
125,13,6,7
126,3,2,1
127,12,9,3
128,9,0,9
129,10,2,8
130,11,3,8
131,2,0,2
132,12,5,7
133,12,3,9
134,6,0,6
135,11,4,7
136,13,6,7
137,11,3,8
138,8,2,6
139,17,9,8
140,10,5,5
141,13,9,4
142,16,9,7
143,5,3,2
144,11,3,8
145,5,2,3
146,4,4,0
147,11,5,6
148,7,0,7
149,1,1,0
150,15,7,8
151,9,2,7
152,14,6,8
153,10,5,5
154,11,8,3
155,8,5,3
156,9,2,7
157,7,0,7
158,4,3,1
159,1,0,1
160,12,4,8
161,5,0,5
162,17,8,9
163,10,2,8
164,11,5,6
165,7,0,7
166,10,1,9
167,16,9,7
168,15,8,7
169,5,5,0
170,7,7,0
171,15,6,9
172,8,7,1
173,13,9,4
174,14,6,8
175,15,6,9
176,1,0,1
177,14,9,5
178,5,3,2
179,10,6,4
180,13,8,5
181,6,3,3
182,7,7,0
183,5,0,5
184,4,3,1
185,16,8,8
186,7,0,7
187,18,9,9
188,7,3,4
189,10,1,9
190,12,6,6
191,11,7,4
192,16,8,8
193,8,5,3
194,13,7,6
195,6,5,1
196,15,7,8
197,6,0,6
198,13,6,7
199,4,4,0
200,16,9,7
201,12,9,3
202,11,2,9
203,6,2,4
204,7,0,7
205,6,4,2
206,9,9,0
207,6,3,3
208,10,2,8
209,7,0,7
210,11,6,5
211,10,8,2
212,12,9,3
213,5,3,2
214,9,8,1
215,3,2,1
216,13,4,9
217,9,0,9
218,14,5,9
219,11,4,7
220,18,9,9
221,4,1,3
222,5,4,1
223,6,4,2
224,9,8,1
225,8,0,8
226,11,2,9
227,3,2,1
228,11,5,6
229,4,3,1
230,6,0,6
231,15,8,7
232,10,8,2
233,6,5,1
234,8,4,4
235,11,6,5
236,17,8,9
237,15,6,9
238,9,8,1
239,2,2,0
240,14,6,8
241,12,8,4
242,13,6,7
243,3,1,2
244,13,4,9
245,11,3,8
246,9,5,4
247,13,6,7
248,6,4,2
249,6,0,6
250,12,4,8
251,4,3,1
252,7,4,3
253,15,8,7
254,12,4,8
255,15,6,9
256,3,1,2
257,5,2,3
258,12,6,6
259,6,5,1
260,9,1,8
261,15,9,6
262,10,4,6
263,8,8,0
264,9,7,2
265,10,1,9
266,12,3,9
267,13,9,4
268,7,7,0
269,15,6,9
270,11,7,4
271,8,4,4
272,8,8,0
273,11,4,7
274,16,8,8
275,17,9,8
276,16,7,9
277,8,2,6
278,10,4,6
279,12,8,4
280,17,8,9
281,6,1,5
282,10,5,5
283,6,3,3
284,14,8,6
285,18,9,9
286,12,4,8
287,8,7,1
288,1,1,0
289,12,6,6
290,12,4,8
291,0,0,0
292,14,9,5
293,7,6,1
294,11,3,8
295,10,3,7
296,12,4,8
297,12,5,7
298,17,9,8
299,4,1,3
300,15,6,9
301,11,2,9
302,11,4,7
303,5,0,5
304,15,9,6
305,15,8,7
306,1,1,0
307,13,7,6
308,15,6,9
309,12,4,8
310,10,9,1
311,11,2,9
312,10,4,6
313,12,9,3
314,7,1,6
315,8,1,7
316,12,3,9
317,7,5,2
318,8,3,5
319,8,6,2
320,5,3,2
321,16,7,9
322,10,8,2
323,7,0,7
324,8,7,1
325,5,4,1
326,7,4,3
327,9,0,9
328,6,2,4
329,14,9,5
330,7,6,1
331,8,8,0
332,10,1,9
333,12,9,3
334,9,5,4
335,18,9,9
336,5,1,4
337,10,5,5
338,8,4,4
339,16,7,9
340,7,3,4
341,12,6,6
342,9,1,8
343,15,6,9
344,6,5,1
345,11,2,9
346,11,4,7
347,13,9,4
348,15,7,8
349,8,7,1
350,9,7,2
351,12,5,7
352,6,5,1
353,7,5,2
354,3,2,1
355,3,0,3
356,14,9,5
357,6,1,5
358,10,9,1
359,7,5,2
360,14,7,7
361,6,3,3
362,12,3,9
363,6,5,1
364,14,6,8
365,7,3,4
366,10,9,1
367,6,1,5
368,4,1,3
369,7,1,6
370,4,4,0
371,9,0,9
372,8,7,1
373,6,3,3
374,12,3,9
375,12,8,4
376,9,3,6
377,12,3,9
378,9,0,9
379,2,1,1
380,14,5,9
381,10,1,9
382,3,2,1
383,8,4,4
384,5,1,4
385,6,4,2
386,16,7,9
387,11,8,3
388,14,8,6
389,13,8,5
390,11,8,3
391,17,8,9
392,8,7,1
393,7,1,6
394,12,4,8
395,15,8,7
396,10,9,1
397,7,7,0
398,12,4,8
399,7,4,3
400,10,3,7
401,13,5,8
402,6,5,1
403,13,8,5
404,16,7,9
405,4,1,3
406,6,2,4
407,3,2,1
408,12,8,4
409,11,6,5
410,13,4,9
411,10,5,5
412,12,5,7
413,11,9,2
414,12,9,3
415,11,7,4
416,6,3,3
417,4,4,0
418,14,6,8
419,10,6,4
420,2,0,2
421,8,5,3
422,8,2,6
423,13,4,9
424,4,1,3
425,2,1,1
426,16,9,7
427,10,1,9
428,11,3,8
429,7,1,6
430,6,4,2
431,15,6,9
432,8,8,0
433,12,9,3
434,15,6,9
435,2,2,0
436,15,8,7
437,16,7,9
438,16,9,7
439,6,6,0
440,7,5,2
441,9,0,9
442,14,7,7
443,18,9,9
444,8,4,4
445,18,9,9
446,11,5,6
447,14,8,6
448,2,1,1
449,11,8,3
450,9,5,4
451,16,8,8
452,11,3,8
453,15,9,6
454,11,3,8
455,9,4,5
456,6,3,3
457,9,4,5
458,12,3,9
459,15,7,8
460,16,9,7
461,15,7,8
462,9,7,2
463,7,0,7
464,5,0,5
465,9,1,8
466,12,4,8
467,14,9,5
468,6,4,2
469,10,3,7
470,8,5,3
471,8,0,8
472,8,5,3
473,8,1,7
474,0,0,0
475,6,1,5
476,9,7,2
477,15,6,9
478,13,7,6
479,7,6,1
480,5,3,2
481,4,3,1
482,7,3,4
483,13,9,4
484,16,8,8
485,3,3,0
486,17,9,8
487,15,9,6
488,9,2,7
489,2,2,0
490,7,7,0
491,11,2,9
492,12,4,8
493,4,1,3
494,7,5,2
495,15,8,7
496,8,7,1
497,14,6,8
498,9,1,8
499,11,6,5
500,12,9,3
501,14,9,5
502,8,0,8
503,5,1,4
504,14,5,9
505,4,3,1
506,7,3,4
507,2,0,2
508,15,8,7
509,12,7,5
510,14,7,7
511,4,1,3
512,14,5,9
513,11,4,7
514,10,3,7
515,9,9,0
516,13,5,8
517,10,4,6
518,10,7,3
519,4,4,0
520,2,2,0
521,11,4,7
522,7,1,6
523,8,2,6
524,6,0,6
525,8,7,1
526,2,1,1
527,15,7,8
528,18,9,9
529,9,9,0
530,12,3,9
531,7,1,6
532,12,9,3
533,12,8,4
534,13,4,9
535,12,8,4
536,11,4,7
537,3,3,0
538,13,7,6
539,12,5,7
540,13,4,9
541,2,2,0
542,14,6,8
543,4,3,1
544,13,5,8
545,3,0,3
546,6,4,2
547,6,3,3
548,12,7,5
549,6,0,6
550,15,6,9
551,14,8,6
552,8,5,3
553,13,5,8
554,7,0,7
555,11,4,7
556,9,3,6
557,7,3,4
558,7,0,7
559,16,8,8
560,0,0,0
561,17,8,9
562,9,5,4
563,14,5,9
564,8,1,7
565,1,1,0
566,14,8,6
567,15,9,6
568,12,3,9
569,11,2,9
570,9,3,6
571,13,4,9
572,8,0,8
573,8,4,4
574,15,8,7
575,6,0,6
576,8,0,8
577,14,6,8
578,8,0,8
579,15,7,8
580,5,1,4
581,10,3,7
582,3,3,0
583,2,1,1
584,7,5,2
585,7,4,3
586,7,4,3
587,17,8,9
588,10,2,8
589,9,7,2
590,5,5,0
591,9,1,8
592,10,7,3
593,17,9,8
594,13,7,6
595,13,4,9
596,10,9,1
597,15,6,9
598,5,5,0
599,9,4,5
600,10,1,9
601,12,3,9
602,12,9,3
603,13,8,5
604,14,8,6
605,3,1,2
606,9,0,9
607,14,6,8
608,9,1,8
609,14,5,9
610,16,7,9
611,11,4,7
612,6,0,6
613,15,6,9
614,13,4,9
615,9,9,0
616,6,3,3
617,1,1,0
618,4,3,1
619,17,8,9
620,10,7,3
621,11,6,5
622,10,4,6
623,11,3,8
624,11,6,5
625,8,0,8
626,12,8,4
627,15,6,9
628,12,4,8
629,15,7,8
630,10,3,7
631,11,8,3
632,11,7,4
633,9,0,9
634,15,7,8
635,15,7,8
636,4,0,4
637,4,4,0
638,12,9,3
639,12,5,7
640,9,1,8
641,11,8,3
642,2,1,1
643,16,8,8
644,9,2,7
645,13,6,7
646,8,6,2
647,10,1,9
648,8,0,8
649,5,1,4
650,14,9,5
651,9,0,9
652,17,9,8
653,18,9,9
654,13,8,5
655,14,8,6
656,6,6,0
657,9,6,3
658,12,8,4
659,9,9,0
660,16,9,7
661,16,9,7
662,12,4,8
663,6,6,0
664,16,7,9
665,17,8,9
666,9,6,3
667,15,9,6
668,10,3,7
669,6,5,1
670,4,2,2
671,7,7,0
672,12,4,8
673,8,4,4
674,14,9,5
675,9,7,2
676,8,7,1
677,4,2,2
678,4,0,4
679,7,7,0
680,17,9,8
681,4,4,0
682,5,0,5
683,9,6,3
684,3,2,1
685,18,9,9
686,14,7,7
687,8,7,1
688,14,7,7
689,0,0,0
690,9,5,4
691,12,7,5
692,14,5,9
693,10,4,6
694,10,1,9
695,1,0,1
696,8,5,3
697,15,6,9
698,17,9,8
699,16,9,7
700,2,2,0
701,8,5,3
702,14,6,8
703,12,8,4
704,2,2,0
705,16,7,9
706,15,8,7
707,8,5,3
708,8,3,5
709,5,1,4
710,15,7,8
711,9,3,6
712,14,6,8
713,13,9,4
714,10,1,9
715,6,3,3
716,16,7,9
717,5,1,4
718,10,5,5
719,13,8,5
720,12,7,5
721,3,2,1
722,10,4,6
723,12,3,9
724,12,4,8
725,11,5,6
726,12,3,9
727,12,9,3
728,15,7,8
729,6,6,0
730,14,5,9
731,2,1,1
732,4,2,2
733,13,4,9
734,13,9,4
735,7,4,3
736,7,0,7
737,6,3,3
738,17,8,9
739,16,7,9
740,9,4,5
741,10,7,3
742,5,1,4
743,10,8,2
744,17,9,8
745,11,3,8
746,14,7,7
747,8,3,5
748,15,8,7
749,6,5,1
750,6,6,0
751,11,9,2
752,15,9,6
753,14,8,6
754,17,8,9
755,6,5,1
756,8,1,7
757,14,9,5
758,5,3,2
759,15,6,9
760,10,7,3
761,9,9,0
762,11,3,8
763,6,1,5
764,13,5,8
765,13,7,6
766,5,2,3
767,12,5,7
768,12,4,8
769,10,7,3
770,6,3,3
771,6,4,2
772,9,0,9
773,17,9,8
774,15,6,9
775,9,6,3
776,10,4,6
777,8,6,2
778,13,7,6
779,13,8,5
780,8,0,8
781,11,9,2
782,8,8,0
783,17,8,9
784,14,6,8
785,4,0,4
786,10,1,9
787,10,7,3
788,9,2,7
789,1,0,1
790,16,8,8
791,11,5,6
792,8,5,3
793,14,8,6
794,11,8,3
795,12,3,9
796,4,3,1
797,13,7,6
798,3,0,3
799,6,4,2
800,5,1,4
801,15,9,6
802,7,2,5
803,7,6,1
804,14,6,8
805,5,5,0
806,6,2,4
807,15,9,6
808,15,7,8
809,12,3,9
810,3,3,0
811,16,7,9
812,1,1,0
813,11,4,7
814,14,6,8
815,17,8,9
816,14,7,7
817,7,3,4
818,16,9,7
819,14,9,5
820,10,5,5
821,0,0,0
822,11,3,8
823,10,3,7
824,9,6,3
825,17,8,9
826,9,4,5
827,8,7,1
828,5,1,4
829,14,8,6
830,8,5,3
831,16,7,9
832,5,5,0
833,13,9,4
834,14,8,6
835,1,1,0
836,9,9,0
837,11,8,3
838,6,4,2
839,9,9,0
840,9,3,6
841,16,8,8
842,16,7,9
843,7,1,6
844,10,3,7
845,15,9,6
846,5,3,2
847,4,0,4
848,16,9,7
849,11,3,8
850,17,8,9
851,8,6,2
852,10,7,3
853,11,3,8
854,7,6,1
855,11,9,2
856,12,3,9
857,8,7,1
858,17,9,8
859,9,9,0
860,10,9,1
861,5,1,4
862,14,9,5
863,7,4,3
864,5,5,0
865,2,1,1
866,13,8,5
867,6,3,3
868,10,2,8
869,16,8,8
870,7,1,6
871,14,6,8
872,2,2,0
873,1,0,1
874,6,2,4
875,18,9,9
876,11,8,3
877,8,7,1
878,8,3,5
879,1,1,0
880,16,8,8
881,8,2,6
882,2,0,2
883,12,4,8
884,18,9,9
885,11,4,7
886,9,0,9
887,11,3,8
888,11,8,3
889,5,5,0
890,11,4,7
891,6,3,3
892,11,5,6
893,17,9,8
894,15,7,8
895,10,8,2
896,8,0,8
897,0,0,0
898,11,6,5
899,9,6,3
900,16,8,8
901,8,0,8
902,14,9,5
903,16,9,7
904,14,5,9
905,8,8,0
906,7,3,4
907,14,6,8
908,14,5,9
909,5,2,3
910,2,1,1
911,4,4,0
912,16,8,8
913,7,7,0
914,11,3,8
915,6,5,1
916,6,2,4
917,12,7,5
918,18,9,9
919,7,3,4
920,6,0,6
921,12,3,9
922,17,9,8
923,13,9,4
924,14,7,7
925,11,2,9
926,15,6,9
927,6,6,0
928,11,4,7
929,4,3,1
930,11,2,9
931,10,9,1
932,14,6,8
933,11,4,7
934,9,6,3
935,8,5,3
936,3,3,0
937,12,3,9
938,10,6,4
939,10,8,2
940,10,6,4
941,16,8,8
942,17,9,8
943,13,8,5
944,11,3,8
945,11,3,8
946,8,4,4
947,12,6,6
948,7,6,1
949,12,5,7
950,7,6,1
951,12,3,9
952,15,9,6
953,13,8,5
954,11,3,8
955,18,9,9
956,8,4,4
957,12,6,6
958,12,4,8
959,17,9,8
960,12,8,4
961,5,2,3
962,6,6,0
963,6,3,3
964,12,7,5
965,14,6,8
966,15,6,9
967,10,6,4
968,9,0,9
969,15,8,7
970,4,4,0
971,4,4,0
972,12,9,3
973,10,8,2
974,14,7,7
975,13,8,5
976,15,6,9
977,10,8,2
978,14,9,5
979,14,5,9
980,12,3,9
981,2,1,1
982,4,3,1
983,13,5,8
984,5,4,1
985,16,8,8
986,17,9,8
987,5,3,2
988,9,7,2
989,8,8,0
990,15,7,8
991,15,8,7
992,5,1,4
993,11,2,9
994,9,3,6
995,9,3,6
996,13,7,6
997,17,9,8
998,10,7,3
999,11,8,3
1000,6,5,1
1001,5,5,0
1002,13,4,9
1003,12,4,8
1004,10,6,4
1005,14,9,5
1006,9,8,1
1007,7,6,1
1008,11,7,4
1009,14,6,8
1010,8,1,7
1011,11,7,4
1012,13,7,6
1013,10,9,1
1014,11,5,6
1015,7,6,1
1016,16,8,8
1017,16,7,9
1018,9,0,9
1019,11,8,3
1020,14,8,6
1021,12,4,8
1022,7,4,3
1023,3,2,1
1024,6,1,5
1025,13,6,7
1026,16,7,9
1027,11,9,2
1028,6,3,3
1029,4,1,3
1030,5,4,1
1031,2,0,2
1032,13,9,4
1033,11,6,5
1034,9,7,2
1035,11,9,2
1036,13,7,6
1037,11,3,8
1038,12,9,3
1039,16,9,7
1040,7,7,0
1041,8,3,5
1042,11,5,6
1043,2,2,0
1044,11,3,8
1045,7,3,4
1046,11,3,8
1047,7,5,2
1048,7,4,3
1049,8,6,2
1050,6,3,3
1051,14,8,6
1052,17,9,8
1053,14,8,6
1054,9,0,9
1055,7,7,0
1056,7,4,3
1057,7,7,0
1058,7,7,0
1059,8,0,8
1060,11,4,7
1061,12,3,9
1062,15,9,6
1063,15,6,9
1064,15,9,6
1065,4,3,1
1066,13,8,5
1067,13,6,7
1068,7,6,1
1069,16,7,9
1070,11,9,2
1071,11,4,7
1072,16,8,8
1073,9,7,2
1074,14,7,7
1075,1,1,0
1076,18,9,9
1077,18,9,9
1078,11,4,7
1079,9,8,1
1080,5,4,1
1081,16,9,7
1082,13,7,6
1083,15,6,9
1084,10,6,4
1085,14,7,7
1086,4,3,1
1087,12,9,3
1088,7,4,3
1089,4,0,4
1090,7,4,3
1091,16,7,9
1092,10,8,2
1093,18,9,9
1094,9,0,9
1095,11,3,8
1096,11,5,6
1097,10,9,1
1098,9,1,8
1099,13,6,7
1100,5,3,2
1101,13,6,7
1102,9,6,3
1103,4,3,1
1104,17,8,9
1105,13,9,4
1106,12,6,6
1107,15,9,6
1108,13,5,8
1109,14,6,8
1110,9,8,1
1111,15,7,8
1112,8,8,0
1113,11,5,6
1114,17,9,8
1115,12,3,9
1116,7,6,1
1117,6,2,4
1118,5,0,5
1119,9,6,3
1120,13,4,9
1121,8,4,4
1122,6,0,6
1123,11,2,9
1124,11,3,8
1125,5,5,0
1126,11,6,5
1127,11,3,8
1128,11,7,4
1129,11,9,2
1130,8,0,8
1131,1,1,0
1132,12,3,9
1133,10,1,9
1134,16,7,9
1135,14,6,8
1136,18,9,9
1137,7,6,1
1138,9,4,5
1139,14,8,6
1140,7,7,0
1141,17,8,9
1142,10,7,3
1143,11,7,4
1144,12,8,4
1145,17,9,8
1146,10,7,3
1147,5,2,3
1148,8,3,5
1149,15,9,6
1150,6,0,6
1151,9,0,9
1152,9,8,1
1153,14,8,6
1154,18,9,9
1155,12,6,6
1156,8,2,6
1157,16,7,9
1158,9,0,9
1159,5,4,1
1160,8,3,5
1161,4,0,4
1162,9,8,1
1163,9,7,2
1164,4,3,1
1165,11,3,8
1166,13,7,6
1167,9,9,0
1168,3,0,3
1169,1,1,0
1170,9,3,6
1171,12,3,9
1172,9,9,0
1173,13,9,4
1174,12,6,6
1175,7,3,4
1176,13,9,4
1177,12,4,8
1178,6,4,2
1179,14,9,5
1180,8,3,5
1181,7,1,6
1182,8,2,6
1183,11,7,4
1184,6,5,1
1185,12,4,8
1186,16,8,8
1187,10,9,1
1188,9,1,8
1189,5,2,3
1190,3,0,3
1191,9,8,1
1192,10,9,1
1193,3,0,3
1194,16,8,8
1195,16,8,8
1196,13,7,6
1197,15,8,7
1198,4,1,3
1199,4,3,1
1200,13,6,7
1201,3,0,3
1202,9,5,4
1203,9,8,1
1204,17,9,8
1205,10,2,8
1206,4,4,0
1207,9,0,9
1208,2,1,1
1209,1,1,0
1210,15,7,8
1211,7,4,3
1212,11,8,3
1213,8,1,7
1214,7,1,6
1215,13,6,7
1216,8,6,2
1217,16,9,7
1218,8,8,0
1219,2,1,1
1220,14,5,9
1221,7,4,3
1222,9,7,2
1223,8,2,6
1224,4,4,0
1225,9,6,3
1226,16,8,8
1227,10,4,6
1228,1,0,1
1229,12,5,7
1230,16,7,9
1231,13,4,9
1232,8,1,7
1233,4,3,1
1234,8,8,0
1235,11,3,8
1236,11,7,4
1237,17,9,8
1238,14,8,6
1239,11,6,5
1240,13,6,7
1241,18,9,9
1242,3,2,1
1243,9,9,0
1244,16,7,9
1245,12,8,4
1246,5,5,0
1247,2,0,2
1248,9,6,3
1249,3,3,0
1250,14,9,5
1251,12,6,6
1252,9,1,8
1253,5,5,0
1254,11,5,6
1255,13,6,7
1256,13,4,9
1257,10,6,4
1258,7,1,6
1259,8,1,7
1260,5,1,4
1261,16,7,9
1262,9,4,5
1263,12,4,8
1264,7,4,3
1265,13,9,4
1266,7,5,2
1267,11,2,9
1268,8,7,1
1269,16,8,8
1270,9,1,8
1271,18,9,9
1272,7,4,3
1273,15,7,8
1274,16,9,7
1275,7,5,2
1276,8,1,7
1277,12,9,3
1278,16,7,9
1279,8,1,7
1280,14,7,7
1281,12,8,4
1282,6,6,0
1283,5,3,2
1284,9,1,8
1285,0,0,0
1286,10,9,1
1287,11,8,3
1288,8,6,2
1289,17,8,9
1290,14,7,7
1291,15,9,6
1292,14,6,8
1293,2,1,1
1294,10,2,8
1295,7,7,0
1296,9,2,7
1297,18,9,9
1298,10,3,7
1299,8,0,8
1300,12,8,4
1301,6,3,3
1302,12,3,9
1303,9,7,2
1304,10,6,4
1305,13,7,6
1306,12,4,8
1307,9,9,0
1308,12,9,3
1309,15,9,6
1310,6,2,4
1311,0,0,0
1312,9,1,8
1313,2,1,1
1314,11,4,7
1315,17,8,9
1316,7,7,0
1317,14,9,5
1318,9,4,5
1319,8,8,0
1320,7,6,1
1321,8,2,6
1322,7,5,2
1323,16,8,8
1324,7,6,1
1325,1,1,0
1326,15,8,7
1327,13,4,9
1328,13,7,6
1329,12,8,4
1330,10,1,9
1331,12,4,8
1332,10,1,9
1333,8,8,0
1334,1,0,1
1335,12,6,6
1336,12,6,6
1337,9,3,6
1338,15,9,6
1339,10,3,7
1340,10,4,6
1341,1,1,0
1342,12,3,9
1343,11,7,4
1344,8,1,7
1345,14,5,9
1346,10,6,4
1347,18,9,9
1348,14,8,6
1349,9,2,7
1350,15,7,8
1351,4,4,0
1352,12,3,9
1353,3,3,0
1354,13,9,4
1355,15,9,6
1356,17,9,8
1357,17,8,9
1358,16,9,7
1359,15,9,6
1360,11,2,9
1361,9,0,9
1362,6,1,5
1363,6,2,4
1364,13,6,7
1365,5,0,5
1366,13,6,7
1367,9,9,0
1368,13,9,4
1369,6,3,3
1370,7,2,5
1371,11,3,8
1372,12,9,3
1373,10,3,7
1374,3,3,0
1375,17,8,9
1376,13,9,4
1377,13,8,5
1378,11,4,7
1379,17,9,8
1380,6,6,0
1381,10,2,8
1382,7,2,5
1383,8,7,1
1384,7,4,3
1385,10,4,6
1386,15,7,8
1387,14,5,9
1388,10,2,8
1389,13,6,7
1390,7,0,7
1391,6,6,0
1392,14,7,7
1393,17,9,8
1394,5,5,0
1395,9,9,0
1396,11,8,3
1397,9,7,2
1398,7,0,7
1399,13,7,6
1400,9,9,0
1401,13,6,7
1402,15,8,7
1403,9,7,2
1404,14,8,6
1405,6,5,1
1406,17,9,8
1407,6,5,1
1408,11,7,4
1409,12,7,5
1410,5,1,4
1411,11,3,8
1412,3,0,3
1413,15,7,8
1414,12,6,6
1415,14,8,6
1416,0,0,0
1417,10,6,4
1418,11,9,2
1419,3,0,3
1420,13,5,8
1421,8,4,4
1422,11,3,8
1423,13,4,9
1424,13,4,9
1425,3,0,3
1426,13,9,4
1427,16,9,7
1428,4,0,4
1429,8,6,2
1430,7,0,7
1431,4,4,0
1432,12,9,3
1433,7,7,0
1434,6,3,3
1435,8,8,0
1436,6,2,4
1437,6,6,0
1438,10,7,3
1439,3,0,3
1440,13,6,7
1441,12,9,3
1442,4,4,0
1443,9,6,3
1444,10,1,9
1445,4,4,0
1446,15,9,6
1447,15,6,9
1448,16,7,9
1449,12,7,5
1450,9,0,9
1451,3,3,0
1452,6,0,6
1453,15,6,9
1454,9,0,9
1455,15,9,6
1456,5,5,0
1457,9,6,3
1458,7,4,3
1459,16,8,8
1460,12,4,8
1461,3,3,0
1462,11,6,5
1463,10,6,4
1464,4,4,0
1465,14,6,8
1466,12,3,9
1467,11,5,6
1468,16,9,7
1469,11,9,2
1470,9,1,8
1471,16,9,7
1472,9,8,1
1473,6,6,0
1474,10,6,4
1475,10,1,9
1476,15,7,8
1477,11,6,5
1478,7,0,7
1479,11,4,7
1480,13,5,8
1481,1,0,1
1482,9,8,1
1483,13,7,6
1484,7,7,0
1485,9,8,1
1486,16,8,8
1487,4,0,4
1488,12,9,3
1489,9,4,5
1490,14,8,6
1491,2,2,0
1492,17,9,8
1493,16,9,7
1494,16,8,8
1495,13,8,5
1496,8,2,6
1497,12,3,9
1498,18,9,9
1499,10,1,9
1500,10,3,7
1501,7,7,0
1502,11,8,3
1503,11,5,6
1504,7,6,1
1505,6,1,5
1506,6,6,0
1507,12,9,3
1508,14,8,6
1509,12,9,3
1510,2,0,2
1511,5,5,0
1512,14,8,6
1513,11,8,3
1514,4,0,4
1515,13,7,6
1516,15,7,8
1517,14,9,5
1518,11,4,7
1519,4,3,1
1520,16,8,8
1521,4,0,4
1522,11,4,7
1523,9,9,0
1524,6,3,3
1525,4,3,1
1526,11,3,8
1527,13,5,8
1528,4,1,3
1529,7,4,3
1530,5,3,2
1531,12,5,7
1532,8,6,2
1533,12,5,7
1534,11,9,2
1535,14,6,8
1536,15,8,7
1537,7,5,2
1538,6,4,2
1539,18,9,9
1540,8,5,3
1541,17,8,9
1542,14,9,5
1543,1,1,0
1544,3,0,3
1545,10,6,4
1546,2,1,1
1547,8,8,0
1548,13,8,5
1549,2,2,0
1550,15,9,6
1551,10,1,9
1552,14,5,9
1553,17,9,8
1554,16,8,8
1555,8,6,2
1556,16,7,9
1557,10,1,9
1558,14,7,7
1559,11,9,2
1560,11,9,2
1561,17,8,9
1562,14,9,5
1563,15,8,7
1564,15,6,9
1565,9,4,5
1566,9,3,6
1567,9,2,7
1568,17,8,9
1569,11,8,3
1570,11,6,5
1571,16,7,9
1572,3,1,2
1573,8,6,2
1574,7,3,4
1575,10,8,2
1576,15,9,6
1577,11,4,7
1578,18,9,9
1579,9,0,9
1580,16,7,9
1581,17,8,9
1582,5,0,5
1583,15,6,9
1584,13,7,6
1585,10,2,8
1586,8,7,1
1587,8,4,4
1588,13,8,5
1589,17,9,8
1590,9,2,7
1591,18,9,9
1592,12,6,6
1593,12,3,9
1594,13,9,4
1595,7,6,1
1596,11,4,7
1597,10,3,7
1598,11,8,3
1599,12,6,6
1600,10,7,3
1601,14,5,9
1602,5,2,3
1603,9,9,0
1604,11,3,8
1605,4,1,3
1606,11,7,4
1607,16,7,9
1608,10,1,9
1609,8,8,0
1610,14,8,6
1611,18,9,9
1612,17,8,9
1613,9,9,0
1614,1,0,1
1615,5,3,2
1616,7,6,1
1617,13,9,4
1618,15,7,8
1619,9,8,1
1620,4,1,3
1621,17,9,8
1622,16,8,8
1623,14,7,7
1624,10,5,5
1625,16,8,8
1626,8,2,6
1627,13,9,4
1628,15,7,8
1629,11,8,3
1630,13,8,5
1631,7,3,4
1632,8,5,3
1633,7,5,2
1634,11,8,3
1635,16,9,7
1636,8,5,3
1637,15,7,8
1638,5,2,3
1639,9,9,0
1640,11,5,6
1641,16,9,7
1642,11,9,2
1643,16,7,9
1644,10,8,2
1645,7,2,5
1646,13,4,9
1647,10,7,3
1648,10,7,3
1649,10,8,2
1650,15,6,9
1651,9,6,3
1652,7,4,3
1653,11,3,8
1654,1,1,0
1655,14,9,5
1656,7,3,4
1657,15,8,7
1658,3,3,0
1659,12,5,7
1660,11,3,8
1661,13,8,5
1662,8,0,8
1663,5,4,1
1664,11,3,8
1665,12,9,3
1666,17,9,8
1667,3,3,0
1668,10,1,9
1669,13,7,6
1670,10,7,3
1671,16,7,9
1672,8,4,4
1673,11,3,8
1674,16,8,8
1675,18,9,9
1676,1,0,1
1677,4,1,3
1678,6,4,2
1679,7,1,6
1680,12,9,3
1681,12,4,8
1682,4,0,4
1683,9,9,0
1684,14,6,8
1685,14,9,5
1686,11,5,6
1687,7,1,6
1688,4,4,0
1689,7,5,2
1690,12,4,8
1691,7,0,7
1692,8,6,2
1693,10,2,8
1694,15,7,8
1695,14,5,9
1696,17,8,9
1697,12,6,6
1698,9,3,6
1699,8,1,7
1700,17,8,9
1701,8,3,5
1702,14,7,7
1703,11,8,3
1704,13,9,4
1705,18,9,9
1706,7,3,4
1707,13,8,5
1708,7,0,7
1709,11,4,7
1710,5,5,0
1711,9,3,6
1712,16,7,9
1713,7,1,6
1714,2,2,0
1715,10,8,2
1716,9,6,3
1717,12,4,8
1718,12,6,6
1719,3,1,2
1720,11,8,3
1721,3,0,3
1722,9,5,4
1723,12,4,8
1724,14,6,8
1725,8,2,6
1726,8,4,4
1727,9,1,8
1728,12,4,8
1729,5,1,4
1730,16,9,7
1731,13,5,8
1732,12,5,7
1733,9,6,3
1734,6,1,5
1735,1,0,1
1736,9,2,7
1737,9,5,4
1738,7,7,0
1739,3,0,3
1740,6,4,2
1741,9,5,4
1742,10,1,9
1743,6,0,6
1744,13,7,6
1745,7,1,6
1746,5,3,2
1747,11,4,7
1748,18,9,9
1749,17,9,8
1750,12,7,5
1751,6,6,0
1752,12,9,3
1753,11,8,3
1754,2,1,1
1755,11,9,2
1756,11,3,8
1757,18,9,9
1758,14,7,7
1759,13,6,7
1760,7,4,3
1761,16,8,8
1762,5,1,4
1763,18,9,9
1764,8,2,6
1765,9,6,3
1766,12,4,8
1767,2,1,1
1768,17,9,8
1769,17,8,9
1770,14,6,8
1771,13,8,5
1772,9,4,5
1773,6,2,4
1774,13,6,7
1775,14,7,7
1776,3,3,0
1777,12,4,8
1778,8,3,5
1779,4,0,4
1780,13,5,8
1781,13,6,7
1782,5,5,0
1783,16,9,7
1784,0,0,0
1785,6,0,6
1786,7,3,4
1787,15,9,6
1788,13,5,8
1789,12,8,4
1790,13,9,4
1791,18,9,9
1792,8,2,6
1793,13,7,6
1794,14,8,6
1795,13,5,8
1796,11,6,5
1797,7,1,6
1798,7,0,7
1799,7,6,1
1800,11,8,3
1801,12,9,3
1802,5,4,1
1803,10,7,3
1804,7,3,4
1805,15,8,7
1806,6,3,3
1807,11,6,5
1808,11,2,9
1809,10,6,4
1810,9,3,6
1811,15,6,9
1812,13,7,6
1813,4,3,1
1814,15,7,8
1815,3,2,1
1816,16,7,9
1817,5,3,2
1818,4,1,3
1819,13,4,9
1820,10,6,4
1821,11,4,7
1822,14,9,5
1823,18,9,9
1824,2,2,0
1825,9,1,8
1826,14,6,8
1827,10,6,4
1828,4,4,0
1829,11,9,2
1830,10,5,5
1831,16,9,7
1832,11,3,8
1833,11,5,6
1834,15,7,8
1835,17,9,8
1836,7,0,7
1837,13,8,5
1838,17,8,9
1839,11,7,4
1840,10,8,2
1841,10,9,1
1842,17,8,9
1843,7,4,3
1844,8,0,8
1845,15,6,9
1846,5,5,0
1847,18,9,9
1848,9,6,3
1849,12,9,3
1850,7,7,0
1851,2,0,2
1852,8,5,3
1853,15,7,8
1854,6,3,3
1855,13,4,9
1856,9,6,3
1857,7,0,7
1858,1,1,0
1859,9,8,1
1860,17,9,8
1861,4,4,0
1862,18,9,9
1863,13,7,6
1864,9,8,1
1865,15,6,9
1866,16,7,9
1867,9,2,7
1868,0,0,0
1869,13,6,7
1870,7,1,6
1871,13,4,9
1872,14,9,5
1873,0,0,0
1874,7,4,3
1875,7,4,3
1876,9,7,2
1877,10,2,8
1878,15,6,9
1879,9,6,3
1880,7,1,6
1881,10,3,7
1882,11,2,9
1883,9,2,7
1884,8,0,8
1885,8,0,8
1886,13,6,7
1887,11,5,6
1888,17,9,8
1889,16,7,9
1890,11,9,2
1891,15,9,6
1892,13,4,9
1893,17,8,9
1894,13,4,9
1895,1,0,1
1896,18,9,9
1897,14,7,7
1898,10,9,1
1899,13,5,8
1900,10,8,2
1901,15,7,8
1902,7,2,5
1903,12,3,9
1904,3,3,0
1905,9,1,8
1906,10,7,3
1907,11,8,3
1908,13,4,9
1909,8,5,3
1910,13,7,6
1911,9,0,9
1912,8,8,0
1913,16,8,8
1914,12,4,8
1915,13,8,5
1916,4,1,3
1917,13,7,6
1918,6,0,6
1919,4,4,0
1920,9,1,8
1921,14,6,8
1922,17,8,9
1923,9,0,9
1924,12,3,9
1925,16,7,9
1926,13,4,9
1927,9,3,6
1928,17,8,9
1929,2,1,1
1930,14,9,5
1931,3,3,0
1932,18,9,9
1933,4,4,0
1934,14,7,7
1935,15,6,9
1936,8,5,3
1937,6,6,0
1938,17,9,8
1939,5,3,2
1940,17,8,9
1941,16,7,9
1942,12,7,5
1943,17,8,9
1944,4,0,4
1945,3,0,3
1946,10,4,6
1947,7,1,6
1948,9,0,9
1949,7,6,1
1950,13,4,9
1951,11,3,8
1952,11,9,2
1953,13,5,8
1954,7,1,6
1955,5,5,0
1956,3,2,1
1957,13,5,8
1958,10,4,6
1959,9,5,4
1960,13,9,4
1961,18,9,9
1962,13,9,4
1963,10,6,4
1964,11,3,8
1965,4,2,2
1966,17,8,9
1967,7,3,4
1968,12,3,9
1969,12,9,3
1970,3,0,3
1971,11,5,6
1972,13,4,9
1973,12,3,9
1974,15,8,7
1975,6,2,4
1976,4,0,4
1977,17,8,9
1978,9,6,3
1979,9,8,1
1980,6,3,3
1981,1,1,0
1982,4,1,3
1983,7,4,3
1984,11,2,9
1985,12,9,3
1986,7,3,4
1987,12,3,9
1988,12,9,3
1989,3,3,0
1990,15,7,8
1991,11,8,3
1992,3,3,0
1993,11,5,6
1994,15,9,6
1995,13,5,8
1996,3,3,0
1997,11,7,4
1998,9,0,9
1999,4,3,1
2000,13,9,4
2001,12,5,7
2002,17,9,8
2003,5,3,2
2004,0,0,0
2005,9,9,0
2006,16,7,9
2007,6,3,3
2008,16,9,7
2009,11,6,5
2010,10,4,6
2011,11,7,4
2012,17,9,8
2013,10,4,6
2014,12,4,8
2015,13,5,8
2016,8,3,5
2017,9,9,0
2018,13,8,5
2019,9,8,1
2020,2,0,2
2021,7,0,7
2022,6,1,5
2023,5,5,0
2024,7,6,1
2025,9,0,9
2026,9,0,9
2027,11,2,9
2028,12,5,7
2029,6,6,0
2030,3,3,0
2031,9,1,8
2032,16,8,8
2033,8,1,7
2034,13,6,7
2035,12,6,6
2036,11,7,4
2037,1,1,0
2038,15,9,6
2039,10,9,1
2040,16,9,7
2041,11,2,9
2042,16,9,7
2043,8,0,8
2044,4,0,4
2045,15,7,8
2046,12,8,4
2047,9,6,3
2048,12,4,8
2049,14,7,7
2050,5,0,5
2051,10,4,6
2052,8,7,1
2053,12,6,6
2054,14,8,6
2055,13,9,4
2056,14,7,7
2057,11,5,6
2058,7,0,7
2059,9,5,4
2060,11,2,9
2061,5,4,1
2062,12,4,8
2063,9,4,5
2064,16,7,9
2065,8,0,8
2066,12,7,5
2067,10,1,9
2068,15,8,7
2069,11,8,3
2070,14,6,8
2071,9,1,8
2072,9,3,6
2073,10,2,8
2074,3,0,3
2075,11,3,8
2076,15,6,9
2077,18,9,9
2078,16,8,8
2079,3,0,3
2080,12,8,4
2081,10,7,3
2082,10,2,8
2083,11,5,6
2084,7,6,1
2085,7,3,4
2086,12,9,3
2087,12,9,3
2088,9,7,2
2089,18,9,9
2090,11,3,8
2091,11,7,4
2092,14,6,8
2093,14,6,8
2094,5,4,1
2095,6,6,0
2096,10,7,3
2097,8,2,6
2098,8,0,8
2099,13,8,5
2100,10,5,5
2101,15,7,8
2102,10,8,2
2103,13,9,4
2104,12,4,8
2105,17,9,8
2106,2,1,1
2107,11,3,8
2108,18,9,9
2109,5,0,5
2110,12,6,6
2111,8,1,7
2112,6,3,3
2113,9,1,8
2114,17,9,8
2115,11,9,2
2116,6,3,3
2117,13,6,7
2118,4,1,3
2119,12,3,9
2120,13,7,6
2121,9,3,6
2122,12,4,8
2123,12,9,3
2124,11,7,4
2125,6,0,6
2126,1,1,0
2127,5,0,5
2128,11,4,7
2129,11,2,9
2130,9,1,8
2131,12,7,5
2132,14,9,5
2133,6,3,3
2134,14,5,9
2135,5,4,1
2136,17,8,9
2137,9,2,7
2138,9,3,6
2139,3,2,1
2140,10,7,3
2141,17,8,9
2142,10,9,1
2143,8,5,3
2144,3,2,1
2145,16,8,8
2146,8,8,0
2147,16,9,7
2148,4,3,1
2149,17,8,9
2150,17,9,8
2151,14,8,6
2152,12,9,3
2153,13,9,4
2154,7,4,3
2155,6,6,0
2156,8,8,0
2157,15,7,8
2158,7,3,4
2159,10,4,6
2160,4,4,0
2161,12,6,6
2162,7,5,2
2163,13,6,7
2164,5,0,5
2165,17,9,8
2166,14,8,6
2167,9,9,0
2168,7,3,4
2169,14,6,8
2170,13,5,8
2171,9,2,7
2172,16,8,8
2173,12,6,6
2174,9,8,1
2175,5,0,5
2176,15,6,9
2177,7,0,7
2178,10,6,4
2179,2,2,0
2180,6,0,6
2181,8,4,4
2182,9,4,5
2183,2,1,1
2184,12,6,6
2185,9,8,1
2186,12,4,8
2187,14,7,7
2188,5,5,0
2189,13,8,5
2190,11,8,3
2191,13,7,6
2192,8,7,1
2193,11,6,5
2194,4,1,3
2195,16,9,7
2196,14,6,8
2197,10,9,1
2198,9,6,3
2199,12,4,8
2200,3,3,0
2201,7,0,7
2202,14,5,9
2203,9,3,6
2204,12,5,7
2205,8,6,2
2206,13,7,6
2207,18,9,9
2208,6,2,4
2209,10,8,2
2210,8,5,3
2211,12,5,7
2212,6,3,3
2213,7,5,2
2214,17,9,8
2215,10,6,4
2216,6,0,6
2217,12,8,4
2218,13,4,9
2219,12,3,9
2220,0,0,0
2221,10,5,5
2222,7,1,6
2223,12,9,3
2224,11,3,8
2225,18,9,9
2226,11,8,3
2227,7,6,1
2228,12,8,4
2229,5,2,3
2230,10,3,7
2231,16,8,8
2232,16,9,7
2233,17,8,9
2234,6,0,6
2235,9,1,8
2236,9,9,0
2237,10,3,7
2238,13,6,7
2239,13,7,6
2240,16,8,8
2241,12,9,3
2242,15,8,7
2243,6,3,3
2244,7,0,7
2245,8,0,8
2246,14,8,6
2247,15,9,6
2248,9,6,3
2249,12,9,3
2250,10,6,4
2251,13,7,6
2252,6,6,0
2253,8,3,5
2254,4,3,1
2255,11,4,7
2256,9,6,3
2257,6,3,3
2258,10,6,4
2259,12,8,4
2260,11,7,4
2261,15,8,7
2262,14,6,8
2263,14,8,6
2264,14,9,5
2265,13,7,6
2266,6,6,0
2267,10,2,8
2268,9,3,6
2269,9,3,6
2270,11,7,4
2271,12,7,5
2272,11,3,8
2273,14,8,6
2274,6,3,3
2275,16,9,7
2276,9,7,2
2277,14,8,6
2278,7,1,6
2279,12,6,6
2280,8,4,4
2281,11,9,2
2282,11,2,9
2283,11,3,8
2284,9,1,8
2285,8,0,8
2286,15,6,9
2287,6,6,0
2288,17,9,8
2289,6,3,3
2290,13,8,5
2291,2,2,0
2292,2,2,0
2293,7,6,1
2294,10,3,7
2295,8,3,5
2296,18,9,9
2297,2,2,0
2298,17,9,8
2299,9,7,2
2300,10,4,6
2301,15,7,8
2302,17,9,8
2303,8,5,3
2304,16,8,8
2305,9,1,8
2306,9,3,6
2307,6,3,3
2308,16,7,9
2309,9,7,2
2310,3,0,3
2311,17,8,9
2312,8,6,2
2313,12,9,3
2314,13,5,8
2315,8,0,8
2316,16,8,8
2317,9,1,8
2318,11,4,7
2319,14,5,9
2320,9,3,6
2321,6,3,3
2322,17,8,9
2323,11,9,2
2324,9,5,4
2325,18,9,9
2326,11,7,4
2327,13,8,5
2328,10,8,2
2329,14,8,6
2330,3,1,2
2331,6,1,5
2332,12,5,7
2333,15,9,6
2334,4,0,4
2335,7,2,5
2336,7,6,1
2337,2,2,0
2338,4,0,4
2339,12,5,7
2340,10,4,6
2341,10,9,1
2342,13,4,9
2343,16,9,7
2344,10,9,1
2345,10,7,3
2346,10,4,6
2347,2,2,0
2348,12,3,9
2349,9,0,9
2350,9,5,4
2351,10,2,8
2352,9,3,6
2353,9,7,2
2354,9,8,1
2355,11,2,9
2356,12,3,9
2357,17,8,9
2358,1,1,0
2359,12,8,4
2360,12,3,9
2361,8,4,4
2362,8,3,5
2363,15,6,9
2364,13,9,4
2365,11,8,3
2366,14,9,5
2367,18,9,9
2368,11,2,9
2369,16,8,8
2370,13,7,6
2371,6,5,1
2372,7,2,5
2373,6,3,3
2374,13,7,6
2375,18,9,9
2376,11,8,3
2377,12,4,8
2378,6,3,3
2379,11,4,7
2380,3,3,0
2381,10,1,9
2382,9,4,5
2383,15,8,7
2384,2,2,0
2385,16,9,7
2386,6,6,0
2387,6,4,2
2388,14,5,9
2389,17,8,9
2390,6,5,1
2391,12,8,4
2392,4,1,3
2393,10,3,7
2394,8,4,4
2395,6,0,6
2396,17,9,8
2397,13,5,8
2398,9,0,9
2399,9,0,9
2400,14,6,8
2401,11,4,7
2402,13,4,9
2403,4,0,4
2404,9,9,0
2405,16,9,7
2406,7,0,7
2407,14,6,8
2408,13,4,9
2409,15,8,7
2410,11,6,5
2411,4,3,1
2412,13,7,6
2413,8,2,6
2414,9,5,4
2415,17,8,9
2416,6,5,1
2417,16,7,9
2418,6,0,6
2419,11,7,4
2420,11,3,8
2421,8,6,2
2422,8,3,5
2423,10,8,2
2424,7,4,3
2425,11,4,7
2426,4,2,2
2427,6,5,1
2428,11,9,2
2429,16,8,8
2430,14,8,6
2431,14,5,9
2432,1,1,0
2433,8,1,7
2434,13,8,5
2435,10,9,1
2436,13,6,7
2437,16,8,8
2438,9,2,7
2439,11,5,6
2440,7,6,1
2441,9,0,9
2442,11,4,7
2443,10,7,3
2444,13,4,9
2445,15,8,7
2446,8,1,7
2447,12,7,5
2448,10,1,9
2449,14,8,6
2450,6,5,1
2451,14,6,8
2452,15,9,6
2453,10,9,1
2454,12,7,5
2455,2,1,1
2456,2,1,1
2457,14,8,6
2458,14,9,5
2459,10,5,5
2460,2,1,1
2461,13,7,6
2462,12,9,3
2463,7,3,4
2464,9,2,7
2465,16,9,7
2466,14,5,9
2467,7,6,1
2468,3,0,3
2469,10,1,9
2470,11,9,2
2471,9,4,5
2472,12,4,8
2473,8,6,2
2474,8,0,8
2475,7,3,4
2476,4,4,0
2477,14,5,9
2478,6,3,3
2479,13,7,6
2480,14,9,5
2481,14,6,8
2482,4,3,1
2483,14,8,6
2484,13,9,4
2485,12,3,9
2486,14,6,8
2487,9,7,2
2488,9,4,5
2489,3,0,3
2490,11,7,4
2491,3,2,1
2492,9,7,2
2493,8,5,3
2494,14,8,6
2495,2,0,2
2496,7,3,4
2497,9,3,6
2498,3,3,0
2499,11,8,3
2500,11,4,7
2501,8,4,4
2502,4,2,2
2503,10,3,7
2504,17,9,8
2505,12,9,3
2506,1,1,0
2507,10,4,6
2508,10,8,2
2509,13,5,8
2510,16,7,9
2511,11,3,8
2512,8,5,3
2513,18,9,9
2514,5,1,4
2515,8,3,5
2516,14,6,8
2517,12,8,4
2518,9,9,0
2519,6,3,3
2520,12,3,9
2521,12,8,4
2522,10,8,2
2523,10,8,2
2524,4,3,1
2525,8,3,5
2526,15,9,6
2527,12,3,9
2528,15,8,7
2529,11,9,2
2530,10,6,4
2531,4,1,3
2532,18,9,9
2533,6,1,5
2534,0,0,0
2535,9,0,9
2536,11,7,4
2537,15,6,9
2538,15,8,7
2539,11,7,4
2540,10,3,7
2541,13,9,4
2542,7,4,3
2543,8,8,0
2544,7,3,4
2545,8,6,2
2546,12,5,7
2547,6,1,5
2548,3,3,0
2549,8,4,4
2550,11,6,5
2551,7,3,4
2552,11,2,9
2553,10,7,3
2554,10,4,6
2555,10,9,1
2556,11,7,4
2557,12,3,9
2558,10,6,4
2559,12,9,3
2560,8,4,4
2561,15,8,7
2562,12,4,8
2563,10,9,1
2564,10,4,6
2565,11,2,9
2566,10,4,6
2567,7,7,0
2568,10,4,6
2569,15,7,8
2570,17,8,9
2571,12,9,3
2572,13,6,7
2573,8,1,7
2574,11,7,4
2575,14,7,7
2576,12,8,4
2577,15,9,6
2578,12,3,9
2579,10,5,5
2580,10,7,3
2581,8,4,4
2582,12,7,5
2583,14,7,7
2584,6,2,4
2585,8,6,2
2586,6,1,5
2587,3,2,1
2588,3,0,3
2589,6,5,1
2590,9,3,6
2591,10,5,5
2592,14,9,5
2593,16,8,8
2594,3,0,3
2595,16,9,7
2596,5,1,4
2597,11,7,4
2598,13,4,9
2599,1,1,0
2600,6,6,0
2601,13,9,4
2602,9,4,5
2603,10,9,1
2604,12,6,6
2605,7,4,3
2606,15,6,9
2607,16,9,7
2608,10,2,8
2609,4,2,2
2610,11,4,7
2611,16,7,9
2612,7,4,3
2613,9,9,0
2614,11,8,3
2615,14,9,5
2616,15,7,8
2617,7,0,7
2618,8,8,0
2619,13,6,7
2620,9,7,2
2621,15,9,6
2622,7,6,1
2623,10,9,1
2624,12,6,6
2625,5,1,4
2626,14,6,8
2627,16,7,9
2628,6,3,3
2629,5,5,0
2630,14,7,7
2631,5,5,0
2632,11,3,8
2633,8,3,5
2634,16,9,7
2635,10,3,7
2636,11,8,3
2637,13,4,9
2638,9,6,3
2639,17,8,9
2640,11,6,5
2641,6,6,0
2642,5,1,4
2643,11,4,7
2644,15,8,7
2645,10,7,3
2646,9,5,4
2647,7,4,3
2648,9,6,3
2649,17,9,8
2650,12,7,5
2651,5,0,5
2652,12,5,7
2653,7,0,7
2654,8,7,1
2655,17,8,9
2656,5,4,1
2657,10,2,8
2658,10,9,1
2659,6,3,3
2660,3,0,3
2661,6,4,2
2662,11,9,2
2663,13,8,5
2664,10,2,8
2665,14,7,7
2666,6,4,2
2667,12,6,6
2668,9,9,0
2669,7,7,0
2670,15,6,9
2671,11,3,8
2672,9,3,6
2673,16,7,9
2674,7,4,3
2675,8,4,4
2676,8,0,8
2677,11,6,5
2678,14,5,9
2679,16,9,7
2680,9,1,8
2681,9,9,0
2682,9,6,3
2683,16,8,8
2684,2,1,1
2685,6,1,5
2686,11,4,7
2687,13,7,6
2688,9,4,5
2689,13,5,8
2690,10,6,4
2691,3,3,0
2692,4,1,3
2693,10,2,8
2694,15,9,6
2695,8,4,4
2696,10,7,3
2697,13,6,7
2698,4,0,4
2699,5,1,4
2700,12,4,8
2701,12,6,6
2702,17,8,9
2703,17,9,8
2704,14,7,7
2705,11,9,2
2706,2,2,0
2707,7,6,1
2708,12,9,3
2709,15,9,6
2710,13,7,6
2711,11,6,5
2712,3,3,0
2713,15,7,8
2714,4,0,4
2715,16,9,7
2716,11,8,3
2717,16,9,7
2718,8,8,0
2719,10,7,3
2720,11,3,8
2721,15,9,6
2722,12,9,3
2723,0,0,0
2724,3,1,2
2725,9,0,9
2726,8,0,8
2727,10,1,9
2728,10,3,7
2729,8,8,0
2730,16,8,8
2731,18,9,9
2732,12,8,4
2733,11,3,8
2734,10,8,2
2735,13,7,6
2736,6,5,1
2737,3,1,2
2738,12,8,4
2739,17,9,8
2740,9,8,1
2741,6,6,0
2742,7,0,7
2743,14,6,8
2744,10,9,1
2745,10,7,3
2746,12,7,5
2747,12,8,4
2748,9,7,2
2749,11,2,9
2750,12,4,8
2751,17,9,8
2752,11,2,9
2753,8,4,4
2754,17,8,9
2755,7,6,1
2756,7,1,6
2757,9,9,0
2758,0,0,0
2759,16,7,9
2760,7,5,2
2761,12,4,8
2762,5,4,1
2763,7,3,4
2764,8,4,4
2765,8,1,7
2766,10,3,7
2767,11,5,6
2768,12,7,5
2769,12,4,8
2770,12,5,7
2771,11,3,8
2772,3,2,1
2773,10,6,4
2774,15,9,6
2775,12,9,3
2776,10,8,2
2777,15,7,8
2778,8,6,2
2779,2,1,1
2780,8,3,5
2781,16,9,7
2782,4,4,0
2783,13,4,9
2784,16,8,8
2785,12,6,6
2786,8,0,8
2787,6,4,2
2788,11,7,4
2789,9,2,7
2790,5,1,4
2791,6,6,0
2792,11,3,8
2793,12,6,6
2794,8,4,4
2795,12,8,4
2796,17,9,8
2797,8,2,6
2798,7,4,3
2799,9,5,4
2800,4,4,0
2801,11,7,4
2802,18,9,9
2803,11,9,2
2804,8,4,4
2805,12,3,9
2806,9,6,3
2807,9,6,3
2808,14,7,7
2809,17,9,8
2810,12,4,8
2811,17,9,8
2812,16,8,8
2813,5,4,1
2814,11,8,3
2815,11,4,7
2816,16,9,7
2817,4,3,1
2818,7,7,0
2819,6,0,6
2820,9,1,8
2821,16,7,9
2822,8,6,2
2823,9,9,0
2824,9,7,2
2825,11,2,9
2826,10,5,5
2827,15,9,6
2828,15,7,8
2829,15,9,6
2830,17,8,9
2831,8,4,4
2832,8,6,2
2833,2,0,2
2834,7,5,2
2835,9,9,0
2836,12,8,4
2837,9,7,2
2838,9,6,3
2839,13,7,6
2840,10,1,9
2841,8,7,1
2842,17,8,9
2843,7,4,3
2844,15,6,9
2845,14,9,5
2846,14,8,6
2847,7,4,3
2848,9,4,5
2849,7,4,3
2850,11,4,7
2851,12,7,5
2852,11,4,7
2853,8,8,0
2854,12,3,9
2855,14,5,9
2856,3,0,3
2857,12,8,4
2858,16,9,7
2859,18,9,9
2860,7,1,6
2861,10,9,1
2862,5,5,0
2863,8,8,0
2864,3,0,3
2865,13,6,7
2866,9,6,3
2867,9,6,3
2868,7,5,2
2869,8,8,0
2870,3,1,2
2871,12,8,4
2872,14,8,6
2873,13,6,7
2874,7,6,1
2875,8,8,0
2876,7,5,2
2877,15,8,7
2878,13,6,7
2879,11,3,8
2880,1,0,1
2881,17,9,8
2882,14,8,6
2883,4,1,3
2884,11,6,5
2885,11,4,7
2886,12,8,4
2887,16,7,9
2888,10,7,3
2889,14,5,9
2890,13,5,8
2891,8,2,6
2892,2,0,2
2893,7,3,4
2894,18,9,9
2895,6,6,0
2896,7,7,0
2897,13,5,8
2898,15,7,8
2899,4,3,1
2900,11,6,5
2901,7,1,6
2902,9,4,5
2903,7,4,3
2904,10,5,5
2905,10,3,7
2906,15,7,8
2907,8,6,2
2908,7,1,6
2909,16,9,7
2910,6,0,6
2911,2,1,1
2912,13,4,9
2913,6,6,0
2914,9,3,6
2915,11,3,8
2916,9,2,7
2917,5,5,0
2918,9,7,2
2919,13,9,4
2920,4,0,4
2921,12,8,4
2922,9,9,0
2923,12,5,7
2924,15,7,8
2925,9,7,2
2926,15,9,6
2927,8,4,4
2928,10,3,7
2929,12,4,8
2930,16,7,9
2931,11,5,6
2932,16,9,7
2933,8,3,5
2934,12,4,8
2935,4,4,0
2936,10,7,3
2937,4,1,3
2938,10,2,8
2939,11,9,2
2940,14,9,5
2941,8,8,0
2942,10,1,9
2943,12,5,7
2944,11,9,2
2945,3,3,0
2946,16,7,9
2947,9,0,9
2948,14,7,7
2949,5,1,4
2950,6,0,6
2951,18,9,9
2952,5,4,1
2953,15,7,8
2954,15,6,9
2955,12,8,4
2956,17,9,8
2957,10,4,6
2958,6,4,2
2959,11,5,6
2960,15,7,8
2961,15,6,9
2962,8,7,1
2963,8,5,3
2964,8,6,2
2965,13,6,7
2966,13,4,9
2967,10,2,8
2968,8,7,1
2969,13,5,8
2970,8,0,8
2971,15,7,8
2972,2,0,2
2973,13,4,9
2974,10,4,6
2975,8,2,6
2976,11,2,9
2977,9,9,0
2978,14,6,8
2979,16,9,7
2980,11,8,3
2981,8,1,7
2982,11,3,8
2983,10,1,9
2984,13,7,6
2985,12,4,8
2986,9,6,3
2987,17,8,9
2988,3,0,3
2989,0,0,0
2990,12,6,6
2991,3,3,0
2992,15,9,6
2993,6,2,4
2994,4,3,1
2995,10,5,5
2996,12,7,5
2997,10,9,1
2998,9,6,3
2999,10,9,1
3000,4,3,1
3001,15,7,8
3002,9,3,6
3003,12,6,6
3004,18,9,9
3005,12,9,3
3006,6,1,5
3007,12,4,8
3008,14,7,7
3009,10,8,2
3010,15,6,9
3011,15,9,6
3012,4,3,1
3013,11,7,4
3014,13,7,6
3015,8,6,2
3016,4,4,0
3017,11,7,4
3018,14,7,7
3019,15,6,9
3020,6,3,3
3021,2,0,2
3022,8,0,8
3023,15,8,7
3024,13,9,4
3025,7,7,0
3026,3,0,3
3027,9,8,1
3028,13,7,6
3029,12,3,9
3030,16,9,7
3031,15,6,9
3032,11,6,5
3033,13,9,4
3034,8,3,5
3035,10,4,6
3036,5,3,2
3037,5,2,3
3038,11,8,3
3039,10,7,3
3040,13,7,6
3041,4,4,0
3042,17,8,9
3043,7,4,3
3044,5,1,4
3045,2,1,1
3046,8,3,5
3047,4,4,0
3048,11,3,8
3049,1,0,1
3050,12,6,6
3051,14,9,5
3052,5,5,0
3053,18,9,9
3054,15,9,6
3055,6,5,1
3056,14,6,8
3057,11,3,8
3058,9,4,5
3059,10,3,7
3060,7,7,0
3061,8,4,4
3062,13,4,9
3063,8,4,4
3064,15,6,9
3065,12,4,8
3066,6,3,3
3067,11,7,4
3068,8,3,5
3069,5,2,3
3070,14,7,7
3071,10,7,3
3072,15,7,8
3073,11,2,9
3074,9,9,0
3075,13,6,7
3076,5,1,4
3077,6,5,1
3078,15,9,6
3079,15,6,9
3080,15,9,6
3081,9,1,8
3082,7,0,7
3083,15,6,9
3084,10,4,6
3085,10,2,8
3086,12,9,3
3087,9,6,3
3088,10,1,9
3089,11,4,7
3090,16,7,9
3091,9,9,0
3092,10,3,7
3093,10,3,7
3094,7,3,4
3095,9,5,4
3096,11,9,2
3097,0,0,0
3098,8,1,7
3099,7,0,7
3100,1,1,0
3101,10,6,4
3102,16,8,8
3103,10,6,4
3104,14,5,9
3105,15,9,6
3106,11,3,8
3107,9,8,1
3108,10,3,7
3109,13,5,8
3110,12,8,4
3111,18,9,9
3112,8,0,8
3113,8,0,8
3114,11,2,9
3115,10,2,8
3116,7,3,4
3117,13,7,6
3118,17,8,9
3119,18,9,9
3120,16,8,8
3121,7,3,4
3122,14,8,6
3123,11,9,2
3124,10,7,3
3125,12,5,7
3126,12,8,4
3127,8,4,4
3128,14,6,8
3129,10,2,8
3130,16,7,9
3131,6,3,3
3132,8,1,7
3133,10,1,9
3134,8,5,3
3135,10,1,9
3136,12,3,9
3137,10,3,7
3138,13,4,9
3139,12,6,6
3140,17,8,9
3141,13,7,6
3142,10,6,4
3143,13,4,9
3144,8,6,2
3145,10,6,4
3146,14,6,8
3147,10,4,6
3148,10,8,2
3149,16,7,9
3150,15,6,9
3151,4,4,0
3152,8,5,3
3153,7,4,3
3154,9,3,6
3155,10,9,1
3156,7,0,7
3157,7,7,0
3158,10,1,9
3159,2,1,1
3160,11,4,7
3161,6,6,0
3162,11,3,8
3163,8,7,1
3164,11,3,8
3165,6,2,4
3166,8,2,6
3167,4,1,3
3168,1,1,0
3169,9,3,6
3170,13,9,4
3171,15,7,8
3172,6,3,3
3173,1,0,1
3174,9,6,3
3175,17,9,8
3176,10,8,2
3177,12,9,3
3178,6,3,3
3179,10,9,1
3180,16,7,9
3181,10,3,7
3182,9,7,2
3183,5,4,1
3184,16,8,8
3185,10,2,8
3186,17,8,9
3187,13,5,8
3188,9,7,2
3189,6,4,2
3190,18,9,9
3191,15,8,7
3192,10,5,5
3193,14,7,7
3194,17,9,8
3195,11,4,7
3196,6,1,5
3197,7,4,3
3198,4,3,1
3199,14,5,9
3200,16,8,8
3201,10,2,8
3202,4,4,0
3203,10,3,7
3204,11,2,9
3205,13,4,9
3206,15,6,9
3207,10,7,3
3208,10,8,2
3209,18,9,9
3210,4,4,0
3211,6,0,6
3212,12,5,7
3213,9,9,0
3214,4,0,4
3215,17,9,8
3216,18,9,9
3217,11,9,2
3218,4,0,4
3219,8,8,0
3220,9,9,0
3221,9,3,6
3222,9,6,3
3223,10,7,3
3224,1,0,1
3225,13,5,8
3226,8,5,3
3227,9,2,7
3228,8,0,8
3229,3,2,1
3230,13,8,5
3231,13,5,8
3232,13,6,7
3233,14,7,7
3234,6,0,6
3235,2,2,0
3236,6,0,6
3237,14,5,9
3238,9,9,0
3239,15,6,9
3240,0,0,0
3241,12,3,9
3242,9,7,2
3243,2,1,1
3244,8,0,8
3245,7,4,3
3246,11,8,3
3247,11,4,7
3248,6,6,0
3249,5,4,1
3250,13,8,5
3251,10,7,3
3252,9,3,6
3253,16,9,7
3254,0,0,0
3255,16,8,8
3256,10,3,7
3257,11,6,5
3258,0,0,0
3259,5,3,2
3260,12,7,5
3261,14,7,7
3262,7,3,4
3263,16,7,9
3264,12,6,6
3265,15,9,6
3266,18,9,9
3267,7,1,6
3268,12,3,9
3269,14,6,8
3270,5,4,1
3271,12,9,3
3272,9,6,3
3273,15,7,8
3274,9,1,8
3275,13,8,5
3276,6,1,5
3277,7,0,7
3278,9,5,4
3279,16,8,8
3280,8,8,0
3281,9,2,7
3282,4,1,3
3283,17,9,8
3284,15,6,9
3285,9,9,0
3286,10,9,1
3287,17,9,8
3288,5,3,2
3289,14,7,7
3290,15,7,8
3291,3,3,0
3292,13,6,7
3293,10,7,3
3294,12,6,6
3295,10,3,7
3296,2,1,1
3297,11,5,6
3298,9,3,6
3299,11,8,3
3300,8,6,2
3301,9,6,3
3302,8,6,2
3303,16,9,7
3304,3,2,1
3305,1,1,0
3306,13,5,8
3307,11,8,3
3308,17,9,8
3309,15,9,6
3310,14,8,6
3311,13,5,8
3312,11,2,9
3313,7,6,1
3314,8,8,0
3315,9,9,0
3316,13,4,9
3317,9,3,6
3318,14,6,8
3319,9,8,1
3320,7,3,4
3321,8,6,2
3322,17,8,9
3323,3,2,1
3324,10,9,1
3325,10,7,3
3326,7,1,6
3327,7,4,3
3328,6,1,5
3329,11,2,9
3330,16,8,8
3331,8,1,7
3332,16,8,8
3333,9,2,7
3334,9,7,2
3335,14,6,8
3336,15,8,7
3337,10,3,7
3338,5,3,2
3339,7,2,5
3340,15,7,8
3341,10,1,9
3342,12,3,9
3343,12,8,4
3344,6,0,6
3345,13,9,4
3346,11,3,8
3347,9,7,2
3348,10,3,7
3349,9,6,3
3350,12,8,4
3351,14,9,5
3352,8,8,0
3353,9,9,0
3354,12,6,6
3355,11,6,5
3356,9,6,3
3357,11,6,5
3358,14,5,9
3359,17,8,9
3360,4,3,1
3361,8,5,3
3362,11,9,2
3363,18,9,9
3364,12,3,9
3365,5,1,4
3366,16,7,9
3367,18,9,9
3368,8,7,1
3369,9,3,6
3370,7,2,5
3371,9,0,9
3372,16,9,7
3373,11,4,7
3374,8,4,4
3375,10,4,6
3376,8,7,1
3377,7,3,4
3378,9,1,8
3379,16,7,9
3380,17,9,8
3381,10,1,9
3382,10,4,6
3383,5,3,2
3384,16,7,9
3385,12,7,5
3386,5,2,3
3387,11,4,7
3388,15,9,6
3389,11,2,9
3390,7,6,1
3391,12,4,8
3392,17,9,8
3393,18,9,9
3394,13,9,4
3395,9,8,1
3396,4,0,4
3397,16,8,8
3398,15,8,7
3399,6,3,3
3400,10,3,7
3401,14,5,9
3402,16,8,8
3403,16,8,8
3404,12,3,9
3405,8,3,5
3406,4,3,1
3407,11,9,2
3408,10,8,2
3409,5,2,3
3410,5,1,4
3411,15,6,9
3412,8,3,5
3413,11,7,4
3414,8,0,8
3415,8,0,8
3416,12,4,8
3417,13,9,4
3418,9,8,1
3419,5,2,3
3420,11,5,6
3421,17,9,8
3422,10,2,8
3423,15,9,6
3424,12,9,3
3425,6,2,4
3426,4,4,0
3427,9,2,7
3428,10,1,9
3429,6,5,1
3430,18,9,9
3431,14,6,8
3432,5,2,3
3433,6,0,6
3434,10,7,3
3435,13,9,4
3436,9,0,9
3437,14,5,9
3438,9,2,7
3439,3,2,1
3440,5,4,1
3441,7,1,6
3442,17,8,9
3443,11,9,2
3444,3,1,2
3445,7,4,3
3446,3,2,1
3447,9,9,0
3448,11,4,7
3449,4,1,3
3450,3,3,0
3451,11,2,9
3452,12,8,4
3453,15,6,9
3454,13,7,6
3455,10,8,2
3456,8,4,4
3457,11,8,3
3458,3,0,3
3459,11,8,3
3460,17,9,8
3461,9,4,5
3462,4,4,0
3463,3,3,0
3464,12,4,8
3465,12,3,9
3466,10,1,9
3467,1,1,0
3468,5,5,0
3469,4,4,0
3470,12,4,8
3471,13,4,9
3472,10,6,4
3473,9,2,7
3474,11,5,6
3475,7,6,1
3476,15,6,9
3477,8,5,3
3478,0,0,0
3479,17,8,9
3480,7,7,0
3481,8,7,1
3482,13,4,9
3483,11,7,4
3484,15,6,9
3485,9,3,6
3486,7,1,6
3487,8,5,3
3488,8,1,7
3489,7,4,3
3490,7,5,2
3491,11,2,9
3492,18,9,9
3493,5,2,3
3494,8,6,2
3495,7,3,4
3496,12,8,4
3497,1,0,1
3498,6,5,1
3499,18,9,9
3500,15,7,8
3501,9,0,9
3502,17,9,8
3503,16,7,9
3504,17,9,8
3505,2,1,1
3506,13,8,5
3507,3,0,3
3508,11,7,4
3509,8,5,3
3510,13,4,9
3511,13,5,8
3512,11,7,4
3513,17,8,9
3514,11,2,9
3515,10,9,1
3516,8,2,6
3517,10,2,8
3518,12,9,3
3519,12,8,4
3520,10,7,3
3521,5,1,4
3522,11,5,6
3523,14,7,7
3524,13,9,4
3525,5,5,0
3526,14,6,8
3527,5,1,4
3528,9,6,3
3529,13,5,8
3530,18,9,9
3531,18,9,9
3532,8,6,2
3533,8,6,2
3534,10,2,8
3535,17,9,8
3536,8,5,3
3537,4,4,0
3538,6,4,2
3539,11,9,2
3540,8,0,8
3541,6,1,5
3542,14,5,9
3543,15,7,8
3544,4,1,3
3545,16,7,9
3546,12,3,9
3547,12,6,6
3548,10,7,3
3549,16,8,8
3550,6,0,6
3551,11,7,4
3552,16,8,8
3553,14,6,8
3554,6,2,4
3555,7,3,4
3556,10,3,7
3557,8,0,8
3558,7,5,2
3559,15,6,9
3560,1,0,1
3561,8,6,2
3562,17,8,9
3563,9,2,7
3564,5,2,3
3565,16,9,7
3566,8,2,6
3567,6,3,3
3568,8,3,5
3569,5,3,2
3570,8,8,0
3571,14,7,7
3572,9,8,1
3573,13,5,8
3574,10,5,5
3575,9,6,3
3576,11,4,7
3577,12,3,9
3578,6,2,4
3579,15,6,9
3580,13,4,9
3581,14,5,9
3582,8,3,5
3583,11,8,3
3584,1,0,1
3585,9,2,7
3586,13,6,7
3587,16,9,7
3588,12,9,3
3589,15,6,9
3590,14,6,8
3591,8,4,4
3592,3,0,3
3593,7,5,2
3594,1,1,0
3595,11,3,8
3596,9,6,3
3597,8,0,8
3598,11,5,6
3599,15,9,6
3600,1,1,0
3601,9,4,5
3602,6,4,2
3603,9,6,3
3604,8,1,7
3605,9,4,5
3606,11,5,6
3607,10,8,2
3608,10,2,8
3609,2,1,1
3610,15,7,8
3611,12,8,4
3612,9,9,0
3613,13,9,4
3614,8,2,6
3615,6,3,3
3616,7,4,3
3617,15,9,6
3618,14,7,7
3619,4,3,1
3620,8,6,2
3621,17,8,9
3622,5,4,1
3623,3,1,2
3624,9,7,2
3625,6,1,5
3626,11,3,8
3627,7,0,7
3628,13,7,6
3629,5,3,2
3630,11,8,3
3631,9,2,7
3632,4,1,3
3633,17,9,8
3634,12,6,6
3635,11,2,9
3636,3,1,2
3637,10,6,4
3638,10,4,6
3639,4,3,1
3640,13,6,7
3641,10,7,3
3642,11,5,6
3643,18,9,9
3644,8,1,7
3645,3,2,1
3646,6,3,3
3647,5,3,2
3648,14,9,5
3649,13,5,8
3650,11,4,7
3651,6,1,5
3652,13,9,4
3653,13,6,7
3654,11,3,8
3655,9,4,5
3656,14,6,8
3657,9,8,1
3658,8,0,8
3659,4,3,1
3660,14,6,8
3661,13,8,5
3662,15,9,6
3663,10,1,9
3664,8,4,4
3665,8,3,5
3666,7,7,0
3667,6,6,0
3668,14,5,9
3669,9,8,1
3670,15,7,8
3671,10,1,9
3672,16,9,7
3673,1,1,0
3674,10,4,6
3675,17,9,8
3676,2,0,2
3677,10,7,3
3678,12,6,6
3679,6,6,0
3680,10,9,1
3681,8,8,0
3682,6,5,1
3683,11,7,4
3684,16,7,9
3685,8,4,4
3686,8,7,1
3687,8,5,3
3688,14,6,8
3689,5,3,2
3690,8,4,4
3691,4,0,4
3692,10,6,4
3693,10,1,9
3694,9,3,6
3695,0,0,0
3696,14,8,6
3697,8,4,4
3698,5,0,5
3699,12,7,5
3700,14,9,5
3701,15,8,7
3702,5,2,3
3703,18,9,9
3704,16,9,7
3705,10,2,8
3706,13,9,4
3707,6,4,2
3708,15,9,6
3709,4,1,3
3710,17,9,8
3711,8,4,4
3712,13,8,5
3713,10,3,7
3714,5,4,1
3715,17,8,9
3716,12,4,8
3717,11,8,3
3718,9,3,6
3719,12,5,7
3720,15,9,6
3721,8,1,7
3722,11,3,8
3723,14,9,5
3724,13,6,7
3725,11,7,4
3726,13,7,6
3727,1,0,1
3728,13,4,9
3729,11,3,8
3730,15,6,9
3731,11,9,2
3732,16,9,7
3733,12,7,5
3734,12,8,4
3735,9,2,7
3736,12,4,8
3737,8,7,1
3738,12,5,7
3739,9,0,9
3740,11,3,8
3741,12,8,4
3742,13,6,7
3743,15,6,9
3744,8,0,8
3745,13,4,9
3746,13,8,5
3747,6,6,0
3748,9,7,2
3749,16,9,7
3750,9,0,9
3751,6,0,6
3752,10,9,1
3753,14,9,5
3754,9,8,1
3755,6,5,1
3756,12,9,3
3757,11,2,9
3758,13,9,4
3759,15,7,8
3760,13,7,6
3761,4,4,0
3762,12,3,9
3763,11,7,4
3764,9,7,2
3765,6,3,3
3766,8,8,0
3767,11,9,2
3768,9,4,5
3769,8,1,7
3770,8,4,4
3771,10,2,8
3772,13,9,4
3773,10,4,6
3774,11,9,2
3775,11,3,8
3776,8,5,3
3777,12,9,3
3778,8,0,8
3779,9,9,0
3780,10,6,4
3781,14,5,9
3782,9,3,6
3783,11,3,8
3784,11,7,4
3785,6,3,3
3786,7,4,3
3787,7,7,0
3788,16,8,8
3789,8,1,7
3790,9,9,0
3791,6,1,5
3792,5,4,1
3793,9,3,6
3794,16,8,8
3795,9,5,4
3796,8,2,6
3797,9,8,1
3798,7,0,7
3799,17,8,9
3800,10,9,1
3801,9,0,9
3802,14,5,9
3803,15,9,6
3804,17,9,8
3805,10,1,9
3806,3,3,0
3807,10,7,3
3808,14,5,9
3809,5,3,2
3810,16,7,9
3811,12,8,4
3812,10,8,2
3813,12,9,3
3814,6,1,5
3815,11,7,4
3816,11,5,6
3817,7,1,6
3818,9,2,7
3819,10,4,6
3820,9,7,2
3821,11,9,2
3822,9,8,1
3823,15,8,7
3824,16,7,9
3825,12,3,9
3826,10,6,4
3827,17,8,9
3828,7,0,7
3829,8,0,8
3830,7,4,3
3831,7,4,3
3832,1,1,0
3833,6,1,5
3834,7,7,0
3835,14,7,7
3836,8,1,7
3837,5,4,1
3838,11,8,3
3839,13,4,9
3840,8,0,8
3841,5,3,2
3842,7,0,7
3843,10,8,2
3844,11,4,7
3845,5,4,1
3846,13,5,8
3847,10,6,4
3848,13,7,6
3849,14,8,6
3850,9,4,5
3851,11,8,3
3852,6,6,0
3853,9,0,9
3854,8,0,8
3855,15,8,7
3856,10,1,9
3857,7,0,7
3858,9,8,1
3859,13,8,5
3860,8,4,4
3861,11,2,9
3862,4,2,2
3863,12,4,8
3864,11,9,2
3865,17,8,9
3866,8,5,3
3867,9,1,8
3868,10,1,9
3869,5,3,2
3870,10,9,1
3871,10,2,8
3872,11,2,9
3873,7,7,0
3874,7,7,0
3875,7,2,5
3876,3,1,2
3877,6,1,5
3878,6,3,3
3879,10,1,9
3880,6,4,2
3881,10,4,6
3882,4,3,1
3883,8,2,6
3884,6,6,0
3885,17,8,9
3886,9,2,7
3887,3,0,3
3888,12,5,7
3889,4,4,0
3890,6,4,2
3891,9,4,5
3892,11,5,6
3893,18,9,9
3894,2,0,2
3895,4,0,4
3896,17,9,8
3897,7,5,2
3898,9,0,9
3899,10,4,6
3900,17,8,9
3901,8,1,7
3902,15,6,9
3903,9,8,1
3904,18,9,9
3905,5,4,1
3906,13,8,5
3907,5,5,0
3908,9,0,9
3909,14,6,8
3910,8,2,6
3911,13,4,9
3912,6,2,4
3913,8,8,0
3914,13,7,6
3915,11,8,3
3916,12,5,7
3917,11,3,8
3918,8,3,5
3919,17,8,9
3920,17,8,9
3921,8,8,0
3922,7,6,1
3923,5,3,2
3924,13,4,9
3925,15,9,6
3926,5,5,0
3927,11,6,5
3928,12,3,9
3929,10,7,3
3930,17,8,9
3931,11,3,8
3932,11,6,5
3933,8,5,3
3934,13,4,9
3935,10,1,9
3936,7,1,6
3937,7,1,6
3938,8,1,7
3939,18,9,9
3940,3,1,2
3941,11,3,8
3942,16,9,7
3943,10,3,7
3944,7,0,7
3945,14,7,7
3946,5,1,4
3947,0,0,0
3948,10,9,1
3949,17,8,9
3950,16,7,9
3951,17,8,9
3952,10,5,5
3953,13,5,8
3954,11,4,7
3955,11,3,8
3956,11,3,8
3957,10,4,6
3958,6,3,3
3959,13,9,4
3960,8,8,0
3961,9,6,3
3962,14,5,9
3963,15,8,7
3964,12,8,4
3965,15,6,9
3966,0,0,0
3967,5,3,2
3968,6,1,5
3969,9,3,6
3970,9,0,9
3971,11,3,8
3972,6,1,5
3973,18,9,9
3974,10,5,5
3975,12,6,6
3976,9,9,0
3977,12,3,9
3978,1,0,1
3979,9,4,5
3980,8,8,0
3981,13,7,6
3982,6,2,4
3983,11,2,9
3984,8,8,0
3985,13,4,9
3986,14,5,9
3987,10,8,2
3988,11,4,7
3989,5,0,5
3990,12,9,3
3991,10,7,3
3992,9,0,9
3993,14,7,7
3994,9,0,9
3995,11,6,5
3996,13,7,6
3997,12,9,3
3998,11,7,4
3999,17,8,9
4000,12,9,3
4001,16,8,8
4002,1,1,0
4003,17,9,8
4004,5,5,0
4005,5,3,2
4006,2,0,2
4007,15,7,8
4008,17,9,8
4009,10,6,4
4010,10,6,4
4011,9,2,7
4012,5,3,2
4013,12,4,8
4014,4,0,4
4015,17,8,9
4016,15,6,9
4017,4,1,3
4018,16,8,8
4019,17,8,9
4020,12,7,5
4021,16,7,9
4022,9,0,9
4023,9,7,2
4024,11,2,9
4025,16,9,7
4026,11,3,8
4027,11,8,3
4028,5,5,0
4029,11,4,7
4030,8,0,8
4031,7,0,7
4032,13,4,9
4033,12,8,4
4034,9,6,3
4035,11,2,9
4036,13,5,8
4037,14,8,6
4038,11,2,9
4039,13,8,5
4040,13,6,7
4041,18,9,9
4042,17,9,8
4043,7,6,1
4044,11,8,3
4045,9,3,6
4046,11,2,9
4047,11,3,8
4048,18,9,9
4049,7,4,3
4050,15,7,8
4051,9,6,3
4052,10,7,3
4053,17,9,8
4054,14,8,6
4055,2,2,0
4056,7,4,3
4057,17,8,9
4058,12,9,3
4059,4,4,0
4060,18,9,9
4061,13,4,9
4062,16,8,8
4063,9,1,8
4064,15,9,6
4065,9,5,4
4066,6,1,5
4067,5,4,1
4068,17,8,9
4069,11,3,8
4070,16,8,8
4071,14,7,7
4072,11,2,9
4073,16,7,9
4074,8,5,3
4075,4,0,4
4076,12,8,4
4077,6,0,6
4078,1,1,0
4079,16,9,7
4080,11,3,8
4081,18,9,9
4082,1,0,1
4083,9,9,0
4084,9,6,3
4085,2,1,1
4086,8,7,1
4087,9,3,6
4088,6,0,6
4089,13,9,4
4090,8,1,7
4091,12,8,4
4092,0,0,0
4093,11,7,4
4094,12,9,3
4095,4,4,0
4096,11,9,2
4097,18,9,9
4098,12,4,8
4099,2,2,0
4100,13,7,6
4101,9,2,7
4102,11,3,8
4103,7,7,0
4104,3,1,2
4105,9,9,0
4106,16,7,9
4107,7,7,0
4108,15,9,6
4109,9,8,1
4110,11,3,8
4111,18,9,9
4112,7,0,7
4113,7,3,4
4114,12,3,9
4115,16,8,8
4116,10,9,1
4117,8,3,5
4118,11,3,8
4119,15,9,6
4120,9,8,1
4121,10,3,7
4122,7,3,4
4123,10,9,1
4124,10,2,8
4125,14,7,7
4126,16,8,8
4127,18,9,9
4128,9,3,6
4129,5,1,4
4130,15,8,7
4131,8,5,3
4132,8,7,1
4133,6,2,4
4134,12,4,8
4135,8,4,4
4136,15,6,9
4137,16,7,9
4138,8,1,7
4139,11,2,9
4140,11,7,4
4141,7,0,7
4142,11,3,8
4143,5,0,5
4144,12,7,5
4145,15,8,7
4146,9,1,8
4147,5,1,4
4148,14,7,7
4149,13,8,5
4150,15,9,6
4151,2,0,2
4152,11,7,4
4153,13,8,5
4154,13,4,9
4155,7,0,7
4156,3,3,0
4157,11,7,4
4158,17,8,9
4159,7,3,4
4160,13,8,5
4161,5,1,4
4162,16,7,9
4163,9,8,1
4164,11,8,3
4165,8,0,8
4166,12,5,7
4167,15,9,6
4168,9,3,6
4169,6,5,1
4170,10,2,8
4171,10,3,7
4172,8,3,5
4173,10,6,4
4174,9,9,0
4175,9,0,9
4176,6,6,0
4177,6,3,3
4178,8,2,6
4179,10,2,8
4180,15,8,7
4181,14,7,7
4182,9,8,1
4183,10,9,1
4184,11,7,4
4185,18,9,9
4186,10,4,6
4187,11,3,8
4188,13,7,6
4189,16,8,8
4190,2,1,1
4191,10,6,4
4192,8,0,8
4193,9,6,3
4194,7,6,1
4195,10,7,3
4196,18,9,9
4197,16,8,8
4198,17,8,9
4199,1,0,1
4200,3,1,2
4201,15,9,6
4202,6,6,0
4203,8,7,1
4204,2,2,0
4205,5,0,5
4206,6,3,3
4207,9,4,5
4208,11,7,4
4209,12,8,4
4210,9,8,1
4211,6,0,6
4212,11,3,8
4213,17,8,9
4214,11,7,4
4215,15,9,6
4216,14,6,8
4217,15,6,9
4218,12,6,6
4219,8,8,0
4220,8,3,5
4221,7,7,0
4222,1,0,1
4223,6,5,1
4224,8,2,6
4225,14,7,7
4226,6,0,6
4227,14,8,6
4228,15,8,7
4229,10,1,9
4230,15,9,6
4231,5,0,5
4232,5,5,0
4233,11,2,9
4234,12,6,6
4235,11,8,3
4236,10,3,7
4237,13,6,7
4238,6,3,3
4239,11,6,5
4240,6,1,5
4241,3,2,1
4242,17,8,9
4243,7,7,0
4244,9,3,6
4245,10,7,3
4246,15,6,9
4247,9,8,1
4248,18,9,9
4249,7,1,6
4250,10,8,2
4251,12,7,5
4252,7,1,6
4253,8,4,4
4254,11,8,3
4255,4,3,1
4256,7,5,2
4257,8,1,7
4258,6,0,6
4259,10,9,1
4260,13,8,5
4261,10,6,4
4262,11,7,4
4263,9,6,3
4264,9,3,6
4265,6,6,0
4266,11,4,7
4267,9,7,2
4268,5,0,5
4269,6,2,4
4270,10,9,1
4271,10,5,5
4272,12,6,6
4273,9,3,6
4274,11,8,3
4275,10,8,2
4276,10,1,9
4277,6,3,3
4278,16,8,8
4279,16,9,7
4280,6,6,0
4281,10,1,9
4282,9,7,2
4283,16,7,9
4284,9,7,2
4285,10,8,2
4286,11,7,4
4287,15,8,7
4288,12,7,5
4289,7,1,6
4290,17,8,9
4291,8,7,1
4292,11,7,4
4293,15,9,6
4294,9,6,3
4295,15,9,6
4296,4,0,4
4297,16,9,7
4298,15,9,6
4299,9,5,4
4300,10,7,3
4301,4,3,1
4302,3,3,0
4303,12,4,8
4304,11,9,2
4305,13,5,8
4306,15,8,7
4307,18,9,9
4308,13,7,6
4309,4,0,4
4310,10,4,6
4311,8,0,8
4312,14,5,9
4313,8,5,3
4314,16,8,8
4315,4,3,1
4316,10,8,2
4317,12,3,9
4318,5,2,3
4319,9,6,3
4320,7,3,4
4321,1,0,1
4322,9,9,0
4323,8,7,1
4324,3,0,3
4325,14,5,9
4326,3,2,1
4327,14,6,8
4328,10,4,6
4329,9,4,5
4330,10,4,6
4331,8,7,1
4332,8,1,7
4333,2,1,1
4334,6,3,3
4335,9,8,1
4336,10,1,9
4337,13,6,7
4338,10,3,7
4339,2,1,1
4340,9,4,5
4341,10,2,8
4342,8,1,7
4343,17,8,9
4344,13,4,9
4345,11,6,5
4346,11,8,3
4347,12,6,6
4348,16,9,7
4349,14,6,8
4350,5,5,0
4351,2,1,1
4352,4,1,3
4353,6,5,1
4354,16,8,8
4355,16,8,8
4356,5,0,5
4357,13,6,7
4358,5,3,2
4359,13,4,9
4360,4,0,4
4361,7,1,6
4362,2,1,1
4363,16,9,7
4364,15,7,8
4365,10,8,2
4366,1,0,1
4367,8,5,3
4368,15,6,9
4369,9,8,1
4370,11,6,5
4371,11,6,5
4372,12,9,3
4373,17,8,9
4374,14,9,5
4375,14,6,8
4376,15,9,6
4377,1,1,0
4378,8,8,0
4379,11,2,9
4380,13,8,5
4381,12,4,8
4382,10,4,6
4383,12,9,3
4384,8,3,5
4385,13,5,8
4386,14,7,7
4387,8,3,5
4388,16,7,9
4389,11,2,9
4390,4,4,0
4391,18,9,9
4392,14,9,5
4393,9,7,2
4394,12,3,9
4395,14,5,9
4396,14,8,6
4397,8,4,4
4398,15,8,7
4399,11,3,8
4400,6,3,3
4401,18,9,9
4402,9,1,8
4403,12,5,7
4404,16,9,7
4405,14,7,7
4406,11,2,9
4407,4,0,4
4408,3,2,1
4409,13,7,6
4410,12,4,8
4411,15,8,7
4412,14,7,7
4413,9,3,6
4414,10,5,5
4415,1,1,0
4416,9,3,6
4417,8,4,4
4418,13,9,4
4419,16,9,7
4420,10,2,8
4421,10,5,5
4422,0,0,0
4423,9,3,6
4424,10,6,4
4425,7,7,0
4426,11,6,5
4427,8,1,7
4428,6,3,3
4429,10,1,9
4430,15,6,9
4431,6,6,0
4432,3,2,1
4433,15,8,7
4434,0,0,0
4435,9,0,9
4436,16,9,7
4437,17,9,8
4438,8,0,8
4439,14,6,8
4440,9,6,3
4441,1,1,0
4442,12,5,7
4443,12,4,8
4444,14,9,5
4445,8,7,1
4446,6,6,0
4447,15,9,6
4448,8,2,6
4449,17,8,9
4450,12,4,8
4451,14,7,7
4452,9,5,4
4453,9,7,2
4454,17,9,8
4455,9,9,0
4456,15,6,9
4457,7,5,2
4458,14,9,5
4459,9,7,2
4460,8,1,7
4461,15,7,8
4462,17,9,8
4463,15,6,9
4464,16,8,8
4465,8,4,4
4466,16,8,8
4467,5,2,3
4468,10,4,6
4469,11,7,4
4470,14,8,6
4471,9,3,6
4472,18,9,9
4473,18,9,9
4474,6,4,2
4475,1,0,1
4476,11,9,2
4477,8,5,3
4478,1,1,0
4479,13,9,4
4480,8,4,4
4481,9,3,6
4482,9,6,3
4483,14,7,7
4484,4,0,4
4485,11,8,3
4486,16,8,8
4487,14,6,8
4488,9,0,9
4489,17,8,9
4490,12,9,3
4491,6,3,3
4492,7,4,3
4493,11,5,6
4494,4,1,3
4495,15,8,7
4496,14,7,7
4497,10,7,3
4498,6,2,4
4499,2,1,1
4500,15,7,8
4501,12,3,9
4502,6,1,5
4503,9,8,1
4504,8,7,1
4505,14,6,8
4506,4,2,2
4507,12,7,5
4508,12,9,3
4509,17,8,9
4510,7,4,3
4511,10,9,1
4512,11,4,7
4513,12,8,4
4514,10,8,2
4515,13,4,9
4516,10,6,4
4517,5,4,1
4518,7,5,2
4519,12,3,9
4520,11,3,8
4521,2,1,1
4522,5,5,0
4523,5,3,2
4524,6,4,2
4525,3,0,3
4526,13,8,5
4527,13,8,5
4528,9,3,6
4529,10,1,9
4530,15,6,9
4531,11,7,4
4532,2,2,0
4533,7,3,4
4534,8,8,0
4535,12,4,8
4536,10,2,8
4537,9,2,7
4538,12,6,6
4539,1,0,1
4540,14,6,8
4541,12,7,5
4542,15,8,7
4543,8,4,4
4544,4,1,3
4545,17,8,9
4546,10,1,9
4547,6,6,0
4548,15,8,7
4549,6,0,6
4550,12,4,8
4551,12,9,3
4552,14,8,6
4553,12,6,6
4554,6,3,3
4555,12,9,3
4556,17,8,9
4557,7,5,2
4558,12,9,3
4559,10,8,2
4560,15,7,8
4561,8,1,7
4562,15,6,9
4563,9,5,4
4564,10,8,2
4565,3,2,1
4566,11,5,6
4567,5,3,2
4568,6,3,3
4569,3,0,3
4570,5,4,1
4571,10,2,8
4572,4,4,0
4573,17,8,9
4574,6,0,6
4575,12,6,6
4576,12,7,5
4577,9,6,3
4578,8,0,8
4579,13,6,7
4580,11,8,3
4581,1,1,0
4582,17,9,8
4583,8,2,6
4584,14,7,7
4585,2,2,0
4586,3,3,0
4587,9,5,4
4588,14,7,7
4589,6,3,3
4590,15,6,9
4591,18,9,9
4592,16,9,7
4593,16,7,9
4594,14,7,7
4595,3,3,0
4596,11,7,4
4597,5,2,3
4598,9,0,9
4599,8,0,8
4600,9,4,5
4601,14,8,6
4602,16,9,7
4603,12,6,6
4604,8,8,0
4605,6,1,5
4606,12,7,5
4607,10,2,8
4608,12,6,6
4609,8,0,8
4610,5,0,5
4611,9,0,9
4612,12,6,6
4613,11,6,5
4614,18,9,9
4615,15,9,6
4616,7,7,0
4617,15,8,7
4618,14,9,5
4619,10,5,5
4620,8,5,3
4621,14,7,7
4622,9,3,6
4623,10,6,4
4624,15,9,6
4625,9,0,9
4626,15,7,8
4627,9,5,4
4628,17,8,9
4629,14,5,9
4630,10,1,9
4631,8,4,4
4632,15,8,7
4633,8,8,0
4634,10,6,4
4635,11,2,9
4636,8,6,2
4637,16,7,9
4638,15,6,9
4639,16,8,8
4640,13,4,9
4641,7,1,6
4642,8,1,7
4643,14,7,7
4644,11,2,9
4645,7,5,2
4646,9,4,5
4647,7,6,1
4648,7,6,1
4649,16,9,7
4650,7,3,4
4651,12,3,9
4652,7,4,3
4653,3,3,0
4654,0,0,0
4655,6,3,3
4656,7,5,2
4657,7,6,1
4658,8,5,3
4659,8,3,5
4660,13,8,5
4661,11,3,8
4662,14,5,9
4663,15,8,7
4664,12,6,6
4665,8,7,1
4666,5,1,4
4667,5,1,4
4668,10,7,3
4669,9,2,7
4670,11,9,2
4671,11,9,2
4672,13,8,5
4673,2,0,2
4674,7,0,7
4675,11,4,7
4676,11,6,5
4677,7,4,3
4678,7,0,7
4679,10,9,1
4680,11,2,9
4681,14,5,9
4682,5,0,5
4683,8,5,3
4684,4,0,4
4685,2,1,1
4686,9,9,0
4687,4,3,1
4688,1,0,1
4689,11,2,9
4690,16,7,9
4691,6,3,3
4692,16,7,9
4693,6,2,4
4694,10,8,2
4695,12,4,8
4696,4,2,2
4697,6,3,3
4698,5,4,1
4699,2,0,2
4700,16,8,8
4701,15,7,8
4702,14,7,7
4703,14,9,5
4704,8,2,6
4705,3,0,3
4706,13,6,7
4707,14,9,5
4708,13,4,9
4709,12,3,9
4710,10,3,7
4711,9,3,6
4712,14,6,8
4713,10,6,4
4714,10,3,7
4715,9,8,1
4716,9,1,8
4717,14,6,8
4718,13,6,7
4719,12,5,7
4720,14,7,7
4721,7,3,4
4722,1,0,1
4723,14,8,6
4724,8,2,6
4725,4,1,3
4726,9,2,7
4727,9,9,0
4728,8,0,8
4729,8,0,8
4730,9,2,7
4731,16,7,9
4732,12,9,3
4733,4,1,3
4734,1,0,1
4735,18,9,9
4736,12,3,9
4737,14,9,5
4738,14,7,7
4739,13,9,4
4740,12,3,9
4741,15,7,8
4742,11,8,3
4743,4,3,1
4744,13,7,6
4745,15,8,7
4746,9,6,3
4747,11,7,4
4748,16,8,8
4749,13,7,6
4750,14,8,6
4751,9,2,7
4752,8,0,8
4753,3,3,0
4754,15,8,7
4755,11,4,7
4756,8,3,5
4757,13,9,4
4758,14,6,8
4759,9,8,1
4760,15,8,7
4761,15,9,6
4762,10,7,3
4763,5,5,0
4764,13,5,8
4765,16,8,8
4766,9,3,6
4767,15,6,9
4768,16,7,9
4769,13,8,5
4770,9,5,4
4771,4,3,1
4772,14,7,7
4773,16,7,9
4774,15,6,9
4775,14,7,7
4776,12,4,8
4777,9,6,3
4778,8,1,7
4779,16,8,8
4780,10,7,3
4781,6,3,3
4782,16,9,7
4783,10,9,1
4784,1,1,0
4785,16,9,7
4786,18,9,9
4787,14,5,9
4788,10,6,4
4789,5,4,1
4790,17,9,8
4791,9,9,0
4792,10,6,4
4793,1,0,1
4794,15,8,7
4795,17,8,9
4796,5,0,5
4797,4,2,2
4798,4,3,1
4799,7,7,0
4800,9,9,0
4801,4,4,0
4802,3,0,3
4803,10,8,2
4804,1,1,0
4805,9,8,1
4806,13,8,5
4807,13,7,6
4808,16,7,9
4809,5,5,0
4810,16,8,8
4811,8,7,1
4812,4,1,3
4813,14,8,6
4814,10,3,7
4815,4,3,1
4816,8,4,4
4817,2,0,2
4818,10,7,3
4819,15,9,6
4820,5,0,5
4821,8,1,7
4822,4,3,1
4823,12,9,3
4824,5,3,2
4825,10,2,8
4826,14,6,8
4827,14,8,6
4828,12,7,5
4829,16,9,7
4830,8,3,5
4831,13,9,4
4832,14,7,7
4833,12,6,6
4834,16,9,7
4835,11,9,2
4836,13,7,6
4837,10,4,6
4838,14,6,8
4839,17,8,9
4840,12,4,8
4841,16,9,7
4842,5,1,4
4843,9,8,1
4844,7,5,2
4845,10,7,3
4846,15,9,6
4847,11,8,3
4848,18,9,9
4849,4,0,4
4850,10,7,3
4851,6,6,0
4852,16,7,9
4853,6,0,6
4854,9,6,3
4855,15,9,6
4856,9,3,6
4857,7,1,6
4858,14,6,8
4859,16,7,9
4860,11,6,5
4861,11,6,5
4862,15,8,7
4863,7,6,1
4864,7,7,0
4865,6,4,2
4866,6,3,3
4867,1,0,1
4868,3,1,2
4869,13,4,9
4870,12,5,7
4871,6,0,6
4872,17,8,9
4873,0,0,0
4874,16,7,9
4875,18,9,9
4876,14,5,9
4877,9,0,9
4878,17,8,9
4879,5,1,4
4880,6,6,0
4881,12,6,6
4882,4,2,2
4883,17,9,8
4884,9,2,7
4885,15,8,7
4886,18,9,9
4887,2,1,1
4888,11,5,6
4889,14,7,7
4890,7,0,7
4891,15,8,7
4892,12,4,8
4893,14,6,8
4894,9,4,5
4895,8,2,6
4896,13,9,4
4897,16,7,9
4898,12,3,9
4899,14,8,6
4900,7,4,3
4901,5,5,0
4902,7,3,4
4903,15,9,6
4904,2,1,1
4905,8,1,7
4906,10,1,9
4907,15,6,9
4908,9,1,8
4909,8,1,7
4910,11,9,2
4911,6,3,3
4912,12,7,5
4913,9,4,5
4914,11,4,7
4915,18,9,9
4916,13,8,5
4917,7,1,6
4918,11,9,2
4919,9,8,1
4920,10,3,7
4921,7,4,3
4922,15,6,9
4923,10,1,9
4924,5,1,4
4925,8,4,4
4926,15,8,7
4927,14,9,5
4928,8,2,6
4929,11,8,3
4930,6,1,5
4931,8,7,1
4932,16,9,7
4933,10,3,7
4934,17,8,9
4935,13,7,6
4936,8,5,3
4937,16,8,8
4938,15,7,8
4939,10,6,4
4940,11,4,7
4941,7,1,6
4942,10,3,7
4943,10,4,6
4944,7,4,3
4945,10,9,1
4946,15,6,9
4947,7,0,7
4948,16,8,8
4949,11,4,7
4950,5,0,5
4951,12,3,9
4952,15,8,7
4953,10,2,8
4954,4,3,1
4955,8,0,8
4956,11,5,6
4957,7,3,4
4958,9,8,1
4959,14,9,5
4960,17,9,8
4961,8,8,0
4962,14,8,6
4963,16,9,7
4964,15,7,8
4965,10,4,6
4966,9,0,9
4967,0,0,0
4968,5,4,1
4969,9,1,8
4970,12,6,6
4971,10,1,9
4972,11,8,3
4973,9,4,5
4974,14,9,5
4975,7,5,2
4976,11,7,4
4977,12,9,3
4978,8,3,5
4979,9,6,3
4980,6,4,2
4981,10,3,7
4982,5,3,2
4983,11,5,6
4984,12,8,4
4985,12,5,7
4986,17,9,8
4987,12,3,9
4988,18,9,9
4989,15,6,9
4990,5,1,4
4991,7,3,4
4992,6,2,4
4993,4,0,4
4994,16,9,7
4995,9,6,3
4996,7,1,6
4997,15,9,6
4998,10,3,7
4999,7,1,6
5000,17,8,9
5001,6,6,0
5002,11,4,7
5003,3,0,3
5004,7,3,4
5005,12,7,5
5006,18,9,9
5007,12,4,8
5008,8,1,7
5009,3,0,3
5010,9,6,3
5011,13,8,5
5012,8,8,0
5013,5,5,0
5014,12,8,4
5015,5,1,4
5016,10,6,4
5017,10,4,6
5018,7,3,4
5019,15,7,8
5020,14,9,5
5021,8,8,0
5022,9,3,6
5023,11,7,4
5024,9,8,1
5025,7,0,7
5026,9,8,1
5027,12,9,3
5028,11,7,4
5029,8,5,3
5030,16,8,8
5031,12,5,7
5032,12,3,9
5033,11,8,3
5034,2,0,2
5035,16,8,8
5036,8,8,0
5037,10,6,4
5038,11,4,7
5039,6,6,0
5040,4,0,4
5041,9,1,8
5042,10,9,1
5043,13,9,4
5044,10,3,7
5045,7,7,0
5046,13,5,8
5047,6,3,3
5048,3,0,3
5049,13,6,7
5050,10,1,9
5051,13,5,8
5052,13,6,7
5053,14,9,5
5054,5,5,0
5055,15,7,8
5056,13,4,9
5057,17,9,8
5058,10,5,5
5059,10,1,9
5060,12,9,3
5061,7,3,4
5062,10,7,3
5063,8,4,4
5064,8,8,0
5065,9,6,3
5066,11,9,2
5067,3,0,3
5068,11,4,7
5069,7,0,7
5070,11,9,2
5071,11,2,9
5072,15,7,8
5073,4,3,1
5074,9,9,0
5075,9,9,0
5076,9,9,0
5077,10,8,2
5078,7,4,3
5079,18,9,9
5080,8,0,8
5081,16,7,9
5082,3,3,0
5083,9,6,3
5084,10,5,5
5085,16,8,8
5086,5,4,1
5087,7,4,3
5088,5,2,3
5089,9,7,2
5090,15,8,7
5091,11,6,5
5092,12,9,3
5093,5,0,5
5094,18,9,9
5095,5,3,2
5096,13,9,4
5097,7,3,4
5098,17,9,8
5099,12,9,3
5100,10,5,5
5101,8,1,7
5102,6,3,3
5103,16,9,7
5104,7,0,7
5105,15,7,8
5106,11,3,8
5107,10,5,5
5108,17,9,8
5109,15,7,8
5110,7,4,3
5111,9,9,0
5112,13,8,5
5113,12,9,3
5114,14,8,6
5115,6,6,0
5116,8,3,5
5117,1,1,0
5118,12,4,8
5119,7,1,6
5120,16,7,9
5121,2,0,2
5122,11,7,4
5123,9,9,0
5124,12,6,6
5125,4,1,3
5126,9,1,8
5127,10,4,6
5128,15,7,8
5129,8,4,4
5130,13,4,9
5131,5,3,2
5132,15,9,6
5133,16,7,9
5134,14,6,8
5135,7,6,1
5136,5,3,2
5137,17,9,8
5138,8,5,3
5139,4,0,4
5140,8,4,4
5141,9,5,4
5142,8,1,7
5143,17,9,8
5144,18,9,9
5145,17,9,8
5146,10,2,8
5147,13,9,4
5148,11,2,9
5149,16,8,8
5150,13,8,5
5151,9,7,2
5152,9,3,6
5153,1,0,1
5154,5,0,5
5155,15,8,7
5156,18,9,9
5157,10,7,3
5158,7,6,1
5159,14,7,7
5160,9,0,9
5161,12,4,8
5162,7,0,7
5163,16,7,9
5164,1,1,0
5165,17,8,9
5166,11,6,5
5167,14,6,8
5168,9,4,5
5169,11,2,9
5170,6,6,0
5171,16,7,9
5172,9,9,0
5173,17,9,8
5174,8,8,0
5175,8,2,6
5176,9,4,5
5177,4,4,0
5178,10,3,7
5179,7,6,1
5180,3,3,0
5181,15,9,6
5182,8,3,5
5183,15,6,9
5184,15,8,7
5185,8,5,3
5186,16,8,8
5187,3,2,1
5188,8,7,1
5189,10,9,1
5190,9,9,0
5191,15,9,6
5192,6,6,0
5193,7,1,6
5194,15,9,6
5195,8,0,8
5196,9,5,4
5197,13,7,6
5198,14,5,9
5199,10,8,2
5200,10,1,9
5201,11,6,5
5202,16,7,9
5203,13,7,6
5204,6,0,6
5205,14,7,7
5206,14,8,6
5207,5,5,0
5208,9,9,0
5209,7,7,0
5210,12,9,3
5211,7,1,6
5212,5,4,1
5213,12,5,7
5214,10,3,7
5215,13,7,6
5216,12,3,9
5217,17,9,8
5218,9,3,6
5219,11,8,3
5220,14,7,7
5221,16,9,7
5222,10,6,4
5223,8,3,5
5224,2,1,1
5225,12,9,3
5226,16,7,9
5227,3,2,1
5228,17,9,8
5229,17,8,9
5230,13,5,8
5231,11,3,8
5232,8,5,3
5233,18,9,9
5234,9,3,6
5235,13,4,9
5236,15,6,9
5237,11,3,8
5238,14,8,6
5239,5,4,1
5240,11,6,5
5241,5,5,0
5242,13,6,7
5243,13,8,5
5244,13,7,6
5245,10,7,3
5246,5,0,5
5247,1,1,0
5248,7,7,0
5249,9,7,2
5250,12,9,3
5251,9,2,7
5252,13,4,9
5253,5,1,4
5254,2,0,2
5255,9,8,1
5256,14,6,8
5257,16,7,9
5258,15,6,9
5259,6,3,3
5260,3,0,3
5261,10,1,9
5262,10,2,8
5263,15,7,8
5264,10,6,4
5265,5,1,4
5266,16,9,7
5267,3,2,1
5268,6,2,4
5269,10,1,9
5270,6,1,5
5271,8,7,1
5272,14,7,7
5273,5,4,1
5274,8,0,8
5275,12,3,9
5276,14,6,8
5277,15,7,8
5278,12,6,6
5279,4,2,2
5280,16,7,9
5281,10,4,6
5282,17,9,8
5283,8,7,1
5284,17,8,9
5285,18,9,9
5286,8,2,6
5287,9,6,3
5288,15,7,8
5289,15,7,8
5290,13,4,9
5291,8,0,8
5292,12,5,7
5293,16,7,9
5294,9,8,1
5295,10,3,7
5296,5,4,1
5297,7,4,3
5298,2,2,0
5299,4,1,3
5300,10,6,4
5301,9,9,0
5302,12,3,9
5303,2,0,2
5304,1,0,1
5305,15,9,6
5306,9,9,0
5307,8,8,0
5308,6,6,0
5309,11,5,6
5310,6,0,6
5311,9,5,4
5312,9,2,7
5313,13,4,9
5314,18,9,9
5315,9,6,3
5316,5,1,4
5317,17,9,8
5318,12,9,3
5319,9,2,7
5320,9,1,8
5321,12,9,3
5322,14,9,5
5323,12,4,8
5324,10,6,4
5325,9,6,3
5326,13,7,6
5327,8,8,0
5328,11,6,5
5329,7,2,5
5330,6,3,3
5331,15,7,8
5332,8,4,4
5333,4,1,3
5334,14,5,9
5335,5,2,3
5336,13,6,7
5337,11,4,7
5338,13,8,5
5339,9,4,5
5340,9,1,8
5341,17,8,9
5342,13,6,7
5343,11,8,3
5344,4,1,3
5345,12,8,4
5346,9,8,1
5347,13,5,8
5348,14,7,7
5349,14,5,9
5350,16,7,9
5351,15,6,9
5352,15,6,9
5353,14,5,9
5354,18,9,9
5355,16,7,9
5356,11,9,2
5357,11,9,2
5358,3,1,2
5359,10,3,7
5360,17,9,8
5361,8,1,7
5362,18,9,9
5363,15,9,6
5364,15,6,9
5365,14,8,6
5366,12,3,9
5367,1,0,1
5368,8,8,0
5369,17,9,8
5370,15,9,6
5371,14,6,8
5372,9,0,9
5373,7,5,2
5374,7,3,4
5375,12,5,7
5376,4,0,4
5377,12,3,9
5378,12,5,7
5379,15,8,7
5380,10,5,5
5381,9,7,2
5382,17,8,9
5383,8,4,4
5384,16,9,7
5385,3,1,2
5386,7,7,0
5387,14,9,5
5388,9,7,2
5389,5,0,5
5390,2,2,0
5391,7,1,6
5392,11,8,3
5393,14,5,9
5394,8,3,5
5395,15,6,9
5396,9,6,3
5397,15,7,8
5398,9,3,6
5399,12,4,8
5400,11,7,4
5401,11,9,2
5402,8,3,5
5403,13,9,4
5404,4,1,3
5405,18,9,9
5406,8,5,3
5407,16,8,8
5408,8,8,0
5409,7,3,4
5410,17,9,8
5411,9,6,3
5412,13,5,8
5413,8,1,7
5414,15,8,7
5415,5,1,4
5416,15,6,9
5417,9,9,0
5418,12,7,5
5419,15,8,7
5420,16,8,8
5421,6,3,3
5422,16,9,7
5423,4,2,2
5424,6,6,0
5425,13,6,7
5426,16,9,7
5427,14,6,8
5428,10,4,6
5429,14,5,9
5430,14,8,6
5431,0,0,0
5432,12,9,3
5433,12,3,9
5434,11,7,4
5435,1,1,0
5436,13,4,9
5437,6,3,3
5438,15,7,8
5439,7,6,1
5440,7,3,4
5441,12,6,6
5442,14,6,8
5443,2,2,0
5444,16,9,7
5445,18,9,9
5446,12,6,6
5447,7,1,6
5448,13,4,9
5449,16,8,8
5450,5,5,0
5451,8,4,4
5452,9,5,4
5453,11,4,7
5454,10,4,6
5455,17,8,9
5456,12,5,7
5457,6,5,1
5458,13,5,8
5459,7,5,2
5460,8,0,8
5461,5,4,1
5462,14,8,6
5463,17,9,8
5464,7,4,3
5465,15,9,6
5466,5,1,4
5467,9,9,0
5468,13,8,5
5469,16,7,9
5470,11,9,2
5471,14,7,7
5472,10,9,1
5473,12,7,5
5474,7,4,3
5475,14,8,6
5476,9,0,9
5477,6,6,0
5478,8,2,6
5479,9,2,7
5480,7,3,4
5481,11,2,9
5482,11,6,5
5483,10,9,1
5484,16,8,8
5485,10,1,9
5486,10,7,3
5487,4,2,2
5488,11,3,8
5489,7,3,4
5490,14,7,7
5491,11,7,4
5492,15,6,9
5493,11,3,8
5494,11,3,8
5495,12,7,5
5496,18,9,9
5497,16,9,7
5498,14,8,6
5499,11,2,9
5500,14,6,8
5501,14,5,9
5502,5,3,2
5503,9,0,9
5504,8,7,1
5505,15,9,6
5506,3,0,3
5507,5,3,2
5508,15,8,7
5509,15,7,8
5510,14,7,7
5511,4,2,2
5512,8,0,8
5513,10,9,1
5514,15,7,8
5515,9,1,8
5516,18,9,9
5517,8,2,6
5518,9,8,1
5519,10,9,1
5520,13,8,5
5521,7,2,5
5522,9,0,9
5523,4,0,4
5524,9,7,2
5525,9,0,9
5526,9,8,1
5527,8,8,0
5528,16,8,8
5529,5,2,3
5530,10,6,4
5531,6,0,6
5532,7,0,7
5533,3,1,2
5534,10,9,1
5535,14,9,5
5536,1,1,0
5537,12,9,3
5538,13,4,9
5539,11,7,4
5540,15,6,9
5541,6,6,0
5542,6,0,6
5543,4,2,2
5544,18,9,9
5545,15,7,8
5546,16,9,7
5547,8,1,7
5548,10,3,7
5549,17,8,9
5550,8,5,3
5551,13,4,9
5552,17,9,8
5553,7,0,7
5554,16,7,9
5555,9,3,6
5556,14,7,7
5557,7,0,7
5558,10,6,4
5559,18,9,9
5560,14,9,5
5561,5,2,3
5562,9,2,7
5563,10,9,1
5564,15,9,6
5565,18,9,9
5566,13,4,9
5567,14,7,7
5568,16,9,7
5569,2,0,2
5570,8,8,0
5571,13,5,8
5572,11,4,7
5573,15,8,7
5574,15,9,6
5575,11,7,4
5576,13,5,8
5577,14,7,7
5578,15,9,6
5579,14,5,9
5580,13,9,4
5581,8,1,7
5582,14,7,7
5583,10,7,3
5584,17,8,9
5585,8,6,2
5586,17,9,8
5587,10,9,1
5588,11,9,2
5589,0,0,0
5590,10,4,6
5591,3,1,2
5592,15,6,9
5593,7,4,3
5594,3,3,0
5595,14,9,5
5596,18,9,9
5597,7,7,0
5598,6,2,4
5599,18,9,9
5600,7,2,5
5601,7,1,6
5602,10,1,9
5603,13,6,7
5604,14,9,5
5605,1,0,1
5606,11,5,6
5607,11,4,7
5608,16,9,7
5609,10,7,3
5610,6,4,2
5611,11,4,7
5612,10,7,3
5613,4,2,2
5614,10,9,1
5615,6,5,1
5616,5,5,0
5617,16,7,9
5618,14,9,5
5619,11,6,5
5620,13,4,9
5621,14,7,7
5622,9,9,0
5623,9,0,9
5624,14,8,6
5625,3,0,3
5626,8,4,4
5627,15,9,6
5628,18,9,9
5629,5,1,4
5630,17,9,8
5631,6,0,6
5632,6,4,2
5633,15,6,9
5634,17,8,9
5635,17,8,9
5636,15,9,6
5637,16,9,7
5638,17,8,9
5639,4,2,2
5640,7,4,3
5641,7,1,6
5642,4,4,0
5643,9,6,3
5644,13,6,7
5645,12,8,4
5646,10,1,9
5647,8,6,2
5648,7,2,5
5649,14,8,6
5650,13,4,9
5651,10,3,7
5652,13,6,7
5653,8,0,8
5654,11,7,4
5655,7,5,2
5656,15,6,9
5657,11,8,3
5658,16,9,7
5659,5,0,5
5660,13,8,5
5661,8,1,7
5662,9,6,3
5663,12,6,6
5664,13,9,4
5665,15,8,7
5666,10,8,2
5667,7,1,6
5668,4,3,1
5669,10,8,2
5670,12,4,8
5671,11,2,9
5672,12,5,7
5673,13,6,7
5674,2,2,0
5675,12,8,4
5676,17,8,9
5677,5,4,1
5678,14,6,8
5679,14,9,5
5680,9,1,8
5681,13,8,5
5682,11,7,4
5683,17,8,9
5684,14,6,8
5685,15,6,9
5686,10,7,3
5687,14,9,5
5688,4,0,4
5689,5,1,4
5690,10,7,3
5691,11,3,8
5692,8,1,7
5693,10,3,7
5694,9,7,2
5695,6,4,2
5696,10,9,1
5697,8,0,8
5698,5,5,0
5699,17,8,9
5700,12,7,5
5701,10,9,1
5702,6,4,2
5703,11,5,6
5704,5,2,3
5705,12,5,7
5706,8,5,3
5707,7,1,6
5708,7,7,0
5709,8,1,7
5710,14,7,7
5711,14,7,7
5712,8,6,2
5713,10,4,6
5714,10,9,1
5715,13,4,9
5716,10,3,7
5717,15,9,6
5718,10,3,7
5719,13,4,9
5720,4,4,0
5721,4,0,4
5722,11,2,9
5723,11,2,9
5724,5,2,3
5725,5,2,3
5726,5,5,0
5727,4,1,3
5728,5,3,2
5729,11,3,8
5730,15,9,6
5731,12,3,9
5732,17,8,9
5733,13,6,7
5734,12,3,9
5735,16,9,7
5736,7,1,6
5737,10,3,7
5738,5,0,5
5739,12,8,4
5740,12,3,9
5741,3,1,2
5742,7,0,7
5743,12,4,8
5744,13,7,6
5745,8,6,2
5746,6,2,4
5747,11,2,9
5748,3,2,1
5749,4,0,4
5750,7,0,7
5751,10,7,3
5752,11,9,2
5753,10,5,5
5754,6,3,3
5755,9,1,8
5756,12,8,4
5757,12,3,9
5758,10,7,3
5759,9,2,7
5760,11,8,3
5761,8,5,3
5762,6,6,0
5763,9,3,6
5764,3,1,2
5765,15,6,9
5766,10,1,9
5767,5,3,2
5768,8,0,8
5769,8,8,0
5770,12,9,3
5771,9,8,1
5772,6,0,6
5773,3,0,3
5774,12,6,6
5775,14,6,8
5776,6,3,3
5777,7,0,7
5778,10,6,4
5779,6,3,3
5780,5,3,2
5781,7,4,3
5782,11,9,2
5783,10,8,2
5784,3,1,2
5785,7,3,4
5786,18,9,9
5787,9,5,4
5788,14,7,7
5789,10,4,6
5790,8,6,2
5791,1,0,1
5792,9,3,6
5793,4,3,1
5794,12,7,5
5795,15,9,6
5796,12,9,3
5797,5,3,2
5798,14,9,5
5799,14,9,5
5800,8,7,1
5801,4,4,0
5802,8,5,3
5803,10,8,2
5804,15,9,6
5805,2,1,1
5806,9,5,4
5807,17,8,9
5808,11,7,4
5809,11,3,8
5810,12,9,3
5811,9,0,9
5812,2,0,2
5813,9,8,1
5814,11,9,2
5815,4,4,0
5816,14,8,6
5817,15,7,8
5818,6,6,0
5819,11,8,3
5820,16,9,7
5821,7,0,7
5822,10,7,3
5823,9,3,6
5824,6,0,6
5825,10,2,8
5826,16,9,7
5827,15,9,6
5828,5,4,1
5829,9,5,4
5830,16,8,8
5831,9,5,4
5832,5,2,3
5833,12,3,9
5834,13,8,5
5835,5,5,0
5836,11,9,2
5837,9,8,1
5838,15,7,8
5839,12,9,3
5840,4,1,3
5841,6,3,3
5842,13,4,9
5843,11,3,8
5844,9,9,0
5845,13,5,8
5846,14,7,7
5847,14,7,7
5848,15,9,6
5849,12,6,6
5850,5,1,4
5851,17,8,9
5852,9,4,5
5853,7,4,3
5854,14,8,6
5855,14,6,8
5856,9,8,1
5857,9,4,5
5858,7,3,4
5859,12,9,3
5860,10,7,3
5861,13,9,4
5862,6,3,3
5863,16,7,9
5864,5,1,4
5865,12,8,4
5866,18,9,9
5867,2,0,2
5868,7,1,6
5869,10,3,7
5870,18,9,9
5871,4,0,4
5872,16,9,7
5873,11,9,2
5874,13,6,7
5875,6,0,6
5876,13,9,4
5877,6,3,3
5878,13,5,8
5879,11,8,3
5880,8,7,1
5881,0,0,0
5882,8,5,3
5883,8,5,3
5884,14,9,5
5885,6,3,3
5886,6,6,0
5887,11,7,4
5888,10,9,1
5889,10,7,3
5890,12,6,6
5891,9,2,7
5892,16,9,7
5893,11,9,2
5894,11,7,4
5895,16,9,7
5896,8,1,7
5897,9,5,4
5898,15,8,7
5899,12,8,4
5900,3,1,2
5901,10,1,9
5902,12,7,5
5903,12,8,4
5904,11,8,3
5905,8,1,7
5906,14,9,5
5907,8,1,7
5908,14,7,7
5909,5,1,4
5910,13,9,4
5911,14,6,8
5912,13,6,7
5913,15,6,9
5914,4,0,4
5915,2,1,1
5916,10,1,9
5917,11,7,4
5918,14,6,8
5919,15,6,9
5920,10,1,9
5921,8,6,2
5922,8,1,7
5923,9,8,1
5924,14,7,7
5925,13,4,9
5926,13,7,6
5927,11,8,3
5928,8,2,6
5929,9,9,0
5930,16,9,7
5931,9,8,1
5932,7,3,4
5933,10,3,7
5934,10,3,7
5935,10,7,3
5936,10,3,7
5937,18,9,9
5938,17,8,9
5939,8,6,2
5940,10,6,4
5941,4,4,0
5942,10,1,9
5943,5,3,2
5944,14,5,9
5945,7,1,6
5946,12,9,3
5947,14,7,7
5948,9,9,0
5949,12,6,6
5950,12,9,3
5951,13,7,6
5952,10,8,2
5953,8,5,3
5954,8,1,7
5955,11,9,2
5956,10,4,6
5957,13,4,9
5958,12,5,7
5959,10,4,6
5960,3,0,3
5961,13,7,6
5962,12,7,5
5963,11,4,7
5964,8,8,0
5965,14,5,9
5966,10,1,9
5967,4,3,1
5968,14,9,5
5969,14,7,7
5970,11,3,8
5971,9,9,0
5972,8,1,7
5973,7,1,6
5974,15,6,9
5975,2,0,2
5976,5,1,4
5977,6,0,6
5978,6,0,6
5979,15,8,7
5980,11,7,4
5981,1,0,1
5982,11,5,6
5983,13,6,7
5984,2,2,0
5985,16,8,8
5986,14,8,6
5987,10,4,6
5988,14,7,7
5989,14,7,7
5990,18,9,9
5991,10,1,9
5992,12,6,6
5993,8,7,1
5994,10,8,2
5995,7,1,6
5996,9,7,2
5997,12,4,8
5998,9,4,5
5999,14,9,5
6000,12,6,6
6001,15,8,7
6002,4,1,3
6003,18,9,9
6004,16,9,7
6005,12,9,3
6006,8,2,6
6007,17,9,8
6008,15,6,9
6009,3,3,0
6010,13,5,8
6011,9,1,8
6012,18,9,9
6013,11,6,5
6014,12,3,9
6015,7,4,3
6016,9,3,6
6017,3,0,3
6018,13,8,5
6019,6,5,1
6020,2,1,1
6021,4,0,4
6022,13,6,7
6023,11,8,3
6024,12,9,3
6025,7,2,5
6026,7,3,4
6027,13,7,6
6028,7,1,6
6029,7,3,4
6030,16,9,7
6031,17,9,8
6032,17,8,9
6033,12,4,8
6034,6,6,0
6035,11,3,8
6036,12,7,5
6037,6,1,5
6038,11,5,6
6039,9,3,6
6040,5,4,1
6041,18,9,9
6042,15,8,7
6043,9,8,1
6044,9,9,0
6045,6,5,1
6046,10,8,2
6047,14,6,8
6048,16,8,8
6049,8,5,3
6050,10,4,6
6051,6,0,6
6052,6,2,4
6053,14,9,5
6054,12,3,9
6055,12,3,9
6056,8,7,1
6057,8,0,8
6058,8,7,1
6059,11,7,4
6060,9,8,1
6061,17,9,8
6062,9,5,4
6063,15,8,7
6064,17,8,9
6065,13,7,6
6066,8,3,5
6067,5,4,1
6068,15,9,6
6069,15,7,8
6070,11,7,4
6071,7,1,6
6072,12,5,7
6073,7,1,6
6074,10,6,4
6075,10,3,7
6076,10,2,8
6077,8,0,8
6078,6,3,3
6079,10,2,8
6080,8,2,6
6081,9,4,5
6082,18,9,9
6083,13,7,6
6084,8,0,8
6085,17,8,9
6086,3,3,0
6087,9,0,9
6088,14,7,7
6089,7,7,0
6090,14,6,8
6091,11,6,5
6092,5,4,1
6093,8,4,4
6094,4,0,4
6095,15,8,7
6096,8,8,0
6097,4,3,1
6098,13,9,4
6099,12,4,8
6100,8,8,0
6101,13,6,7
6102,10,8,2
6103,4,4,0
6104,9,9,0
6105,16,9,7
6106,9,4,5
6107,15,6,9
6108,2,1,1
6109,5,2,3
6110,9,9,0
6111,9,6,3
6112,12,9,3
6113,6,1,5
6114,8,7,1
6115,17,9,8
6116,10,2,8
6117,15,7,8
6118,7,4,3
6119,16,7,9
6120,1,1,0
6121,17,8,9
6122,14,5,9
6123,9,7,2
6124,8,6,2
6125,15,8,7
6126,12,4,8
6127,14,6,8
6128,14,6,8
6129,9,3,6
6130,8,7,1
6131,13,7,6
6132,13,7,6
6133,3,0,3
6134,7,4,3
6135,4,0,4
6136,6,1,5
6137,9,8,1
6138,11,8,3
6139,2,0,2
6140,12,9,3
6141,11,5,6
6142,4,1,3
6143,7,4,3
6144,9,9,0
6145,8,7,1
6146,9,2,7
6147,13,7,6
6148,10,2,8
6149,10,1,9
6150,17,9,8
6151,4,4,0
6152,10,7,3
6153,13,7,6
6154,10,1,9
6155,12,9,3
6156,6,3,3
6157,2,2,0
6158,13,5,8
6159,10,1,9
6160,12,5,7
6161,18,9,9
6162,16,7,9
6163,14,7,7
6164,11,9,2
6165,12,8,4
6166,14,7,7
6167,9,5,4
6168,14,7,7
6169,9,2,7
6170,11,5,6
6171,5,4,1
6172,11,8,3
6173,9,4,5
6174,13,7,6
6175,16,9,7
6176,18,9,9
6177,10,5,5
6178,15,6,9
6179,9,9,0
6180,11,8,3
6181,15,7,8
6182,12,5,7
6183,18,9,9
6184,16,9,7
6185,11,4,7
6186,9,3,6
6187,1,1,0
6188,11,4,7
6189,7,1,6
6190,3,0,3
6191,8,5,3
6192,13,7,6
6193,8,8,0
6194,5,2,3
6195,15,6,9
6196,4,3,1
6197,12,4,8
6198,18,9,9
6199,10,1,9
6200,11,6,5
6201,4,3,1
6202,11,3,8
6203,10,1,9
6204,7,1,6
6205,11,3,8
6206,9,2,7
6207,15,9,6
6208,16,8,8
6209,14,9,5
6210,15,7,8
6211,11,9,2
6212,8,8,0
6213,11,9,2
6214,13,9,4
6215,11,8,3
6216,14,8,6
6217,9,8,1
6218,10,8,2
6219,16,8,8
6220,13,4,9
6221,8,0,8
6222,14,8,6
6223,11,3,8
6224,5,1,4
6225,16,9,7
6226,10,8,2
6227,17,9,8
6228,8,6,2
6229,16,8,8
6230,7,6,1
6231,2,2,0
6232,7,0,7
6233,10,8,2
6234,12,8,4
6235,4,3,1
6236,16,8,8
6237,16,9,7
6238,12,3,9
6239,16,9,7
6240,10,6,4
6241,6,0,6
6242,3,3,0
6243,14,5,9
6244,14,7,7
6245,0,0,0
6246,15,8,7
6247,3,3,0
6248,15,6,9
6249,15,8,7
6250,7,7,0
6251,6,5,1
6252,8,1,7
6253,18,9,9
6254,9,4,5
6255,6,6,0
6256,16,7,9
6257,9,3,6
6258,11,8,3
6259,11,3,8
6260,13,9,4
6261,7,0,7
6262,7,1,6
6263,10,7,3
6264,10,7,3
6265,18,9,9
6266,5,3,2
6267,12,7,5
6268,11,9,2
6269,13,4,9
6270,16,8,8
6271,8,1,7
6272,8,0,8
6273,4,3,1
6274,12,3,9
6275,8,3,5
6276,14,8,6
6277,7,7,0
6278,15,7,8
6279,13,9,4
6280,13,9,4
6281,5,4,1
6282,8,4,4
6283,9,3,6
6284,12,9,3
6285,6,0,6
6286,4,2,2
6287,17,9,8
6288,1,1,0
6289,10,9,1
6290,5,4,1
6291,8,6,2
6292,13,8,5
6293,14,6,8
6294,6,6,0
6295,16,9,7
6296,10,7,3
6297,2,1,1
6298,7,4,3
6299,16,7,9
6300,10,1,9
6301,10,2,8
6302,12,9,3
6303,10,3,7
6304,16,9,7
6305,13,6,7
6306,7,6,1
6307,10,4,6
6308,12,3,9
6309,17,9,8
6310,7,4,3
6311,11,3,8
6312,7,7,0
6313,13,8,5
6314,5,4,1
6315,6,2,4
6316,5,3,2
6317,13,8,5
6318,10,1,9
6319,11,3,8
6320,13,6,7
6321,3,2,1
6322,12,3,9
6323,17,8,9
6324,10,3,7
6325,8,2,6
6326,11,8,3
6327,12,5,7
6328,6,0,6
6329,3,0,3
6330,4,3,1
6331,9,4,5
6332,17,9,8
6333,7,5,2
6334,16,9,7
6335,3,2,1
6336,17,8,9
6337,14,7,7
6338,13,4,9
6339,10,8,2
6340,12,5,7
6341,16,8,8
6342,13,5,8
6343,9,2,7
6344,6,0,6
6345,13,6,7
6346,6,1,5
6347,17,9,8
6348,13,6,7
6349,6,6,0
6350,13,9,4
6351,16,7,9
6352,4,0,4
6353,4,4,0
6354,14,8,6
6355,3,3,0
6356,14,6,8
6357,7,4,3
6358,10,1,9
6359,6,6,0
6360,4,4,0
6361,9,9,0
6362,10,3,7
6363,16,8,8
6364,9,6,3
6365,8,6,2
6366,16,8,8
6367,10,8,2
6368,4,1,3
6369,7,6,1
6370,10,9,1
6371,12,8,4
6372,10,2,8
6373,8,5,3
6374,9,6,3
6375,4,0,4
6376,10,1,9
6377,15,9,6
6378,9,8,1
6379,10,3,7
6380,9,8,1
6381,6,1,5
6382,9,8,1
6383,10,2,8
6384,7,5,2
6385,9,1,8
6386,12,6,6
6387,9,8,1
6388,9,7,2
6389,9,0,9
6390,14,9,5
6391,6,0,6
6392,9,9,0
6393,12,9,3
6394,6,1,5
6395,11,7,4
6396,13,4,9
6397,8,2,6
6398,8,3,5
6399,10,2,8
6400,7,3,4
6401,8,7,1
6402,10,3,7
6403,6,3,3
6404,8,4,4
6405,17,9,8
6406,16,7,9
6407,16,7,9
6408,4,4,0
6409,14,7,7
6410,7,6,1
6411,8,0,8
6412,12,9,3
6413,12,9,3
6414,7,0,7
6415,14,5,9
6416,7,4,3
6417,1,1,0
6418,5,3,2
6419,17,9,8
6420,3,0,3
6421,9,6,3
6422,10,8,2
6423,8,4,4
6424,6,3,3
6425,16,9,7
6426,12,5,7
6427,17,9,8
6428,8,1,7
6429,6,2,4
6430,12,8,4
6431,11,7,4
6432,9,4,5
6433,11,3,8
6434,11,3,8
6435,10,1,9
6436,10,2,8
6437,5,3,2
6438,13,4,9
6439,7,4,3
6440,9,9,0
6441,6,6,0
6442,13,8,5
6443,9,4,5
6444,4,4,0
6445,8,7,1
6446,8,3,5
6447,12,3,9
6448,12,6,6
6449,6,6,0
6450,10,2,8
6451,0,0,0
6452,4,3,1
6453,8,7,1
6454,14,7,7
6455,3,0,3
6456,11,8,3
6457,12,3,9
6458,4,4,0
6459,18,9,9
6460,14,8,6
6461,11,2,9
6462,4,3,1
6463,10,4,6
6464,15,8,7
6465,12,8,4
6466,11,3,8
6467,7,5,2
6468,12,9,3
6469,13,7,6
6470,14,7,7
6471,6,3,3
6472,7,3,4
6473,12,9,3
6474,6,3,3
6475,11,2,9
6476,5,4,1
6477,10,6,4
6478,12,9,3
6479,7,7,0
6480,6,3,3
6481,6,5,1
6482,12,4,8
6483,10,4,6
6484,14,5,9
6485,12,8,4
6486,11,2,9
6487,15,9,6
6488,14,7,7
6489,17,9,8
6490,4,0,4
6491,1,0,1
6492,16,9,7
6493,5,5,0
6494,6,6,0
6495,12,7,5
6496,15,6,9
6497,14,9,5
6498,11,9,2
6499,1,0,1
6500,11,7,4
6501,13,7,6
6502,8,2,6
6503,13,6,7
6504,16,7,9
6505,15,8,7
6506,7,7,0
6507,15,8,7
6508,6,3,3
6509,5,4,1
6510,2,1,1
6511,10,3,7
6512,15,9,6
6513,13,9,4
6514,14,7,7
6515,11,8,3
6516,8,8,0
6517,12,8,4
6518,8,3,5
6519,8,8,0
6520,8,7,1
6521,17,8,9
6522,12,3,9
6523,14,9,5
6524,12,5,7
6525,7,4,3
6526,9,6,3
6527,13,7,6
6528,12,4,8
6529,7,2,5
6530,8,4,4
6531,14,7,7
6532,11,8,3
6533,12,8,4
6534,15,9,6
6535,2,1,1
6536,14,8,6
6537,6,5,1
6538,14,7,7
6539,13,4,9
6540,11,4,7
6541,14,7,7
6542,5,4,1
6543,9,0,9
6544,8,8,0
6545,13,7,6
6546,13,9,4
6547,13,7,6
6548,2,2,0
6549,9,9,0
6550,12,3,9
6551,5,5,0
6552,17,9,8
6553,15,8,7
6554,17,8,9
6555,8,7,1
6556,5,1,4
6557,3,3,0
6558,0,0,0
6559,5,1,4
6560,16,7,9
6561,14,6,8
6562,9,0,9
6563,13,6,7
6564,15,8,7
6565,7,6,1
6566,2,1,1
6567,13,9,4
6568,12,8,4
6569,7,7,0
6570,14,5,9
6571,15,6,9
6572,13,6,7
6573,9,8,1
6574,4,2,2
6575,6,3,3
6576,6,0,6
6577,3,3,0
6578,11,2,9
6579,16,7,9
6580,7,5,2
6581,10,9,1
6582,6,0,6
6583,11,9,2
6584,16,9,7
6585,9,2,7
6586,4,2,2
6587,12,3,9
6588,5,3,2
6589,15,9,6
6590,14,7,7
6591,10,3,7
6592,7,3,4
6593,15,9,6
6594,7,0,7
6595,4,2,2
6596,17,8,9
6597,7,3,4
6598,11,8,3
6599,8,0,8
6600,13,6,7
6601,18,9,9
6602,5,4,1
6603,13,9,4
6604,4,4,0
6605,13,5,8
6606,12,8,4
6607,6,0,6
6608,17,9,8
6609,11,2,9
6610,13,9,4
6611,12,7,5
6612,8,0,8
6613,13,9,4
6614,17,9,8
6615,15,9,6
6616,13,7,6
6617,5,0,5
6618,5,4,1
6619,9,8,1
6620,17,8,9
6621,5,1,4
6622,10,6,4
6623,12,9,3
6624,0,0,0
6625,7,6,1
6626,7,3,4
6627,12,6,6
6628,14,5,9
6629,16,9,7
6630,8,0,8
6631,13,4,9
6632,16,9,7
6633,3,2,1
6634,15,7,8
6635,14,7,7
6636,11,6,5
6637,11,3,8
6638,1,1,0
6639,15,9,6
6640,12,8,4
6641,11,8,3
6642,13,9,4
6643,11,6,5
6644,6,1,5
6645,12,4,8
6646,2,0,2
6647,10,2,8
6648,4,1,3
6649,5,4,1
6650,12,3,9
6651,9,1,8
6652,13,7,6
6653,13,5,8
6654,7,6,1
6655,15,6,9
6656,4,2,2
6657,8,1,7
6658,16,7,9
6659,12,7,5
6660,5,4,1
6661,13,6,7
6662,5,2,3
6663,11,7,4
6664,15,7,8
6665,7,4,3
6666,5,0,5
6667,12,7,5
6668,12,3,9
6669,7,7,0
6670,2,2,0
6671,6,6,0
6672,8,8,0
6673,15,6,9
6674,8,8,0
6675,11,9,2
6676,14,8,6
6677,15,8,7
6678,2,2,0
6679,4,3,1
6680,9,6,3
6681,14,9,5
6682,9,9,0
6683,18,9,9
6684,9,9,0
6685,9,9,0
6686,7,2,5
6687,9,6,3
6688,7,3,4
6689,14,7,7
6690,10,8,2
6691,11,5,6
6692,10,7,3
6693,8,1,7
6694,14,9,5
6695,0,0,0
6696,1,0,1
6697,10,4,6
6698,17,8,9
6699,10,8,2
6700,13,9,4
6701,9,3,6
6702,15,7,8
6703,7,6,1
6704,13,6,7
6705,12,9,3
6706,10,1,9
6707,6,2,4
6708,6,3,3
6709,7,3,4
6710,13,7,6
6711,2,1,1
6712,9,8,1
6713,12,7,5
6714,9,1,8
6715,15,8,7
6716,16,8,8
6717,12,4,8
6718,10,7,3
6719,3,0,3
6720,9,5,4
6721,5,0,5
6722,8,0,8
6723,4,4,0
6724,10,9,1
6725,5,1,4
6726,5,4,1
6727,10,3,7
6728,16,9,7
6729,7,4,3
6730,9,4,5
6731,16,8,8
6732,9,7,2
6733,10,7,3
6734,18,9,9
6735,14,8,6
6736,14,6,8
6737,10,2,8
6738,11,2,9
6739,13,4,9
6740,9,8,1
6741,2,0,2
6742,10,6,4
6743,14,8,6
6744,15,7,8
6745,9,0,9
6746,17,8,9
6747,11,6,5
6748,13,4,9
6749,10,3,7
6750,10,4,6
6751,4,1,3
6752,14,9,5
6753,5,0,5
6754,9,7,2
6755,12,4,8
6756,12,8,4
6757,13,8,5
6758,10,2,8
6759,12,8,4
6760,9,3,6
6761,15,7,8
6762,8,5,3
6763,15,8,7
6764,8,5,3
6765,14,9,5
6766,17,8,9
6767,9,3,6
6768,7,7,0
6769,6,2,4
6770,9,7,2
6771,13,6,7
6772,8,3,5
6773,12,3,9
6774,7,1,6
6775,4,1,3
6776,8,3,5
6777,5,4,1
6778,16,7,9
6779,10,1,9
6780,18,9,9
6781,2,2,0
6782,8,4,4
6783,1,1,0
6784,9,7,2
6785,9,9,0
6786,11,8,3
6787,9,0,9
6788,5,2,3
6789,8,3,5
6790,8,0,8
6791,9,3,6
6792,9,0,9
6793,0,0,0
6794,15,6,9
6795,7,4,3
6796,2,0,2
6797,7,0,7
6798,13,4,9
6799,9,8,1
6800,11,9,2
6801,9,0,9
6802,10,8,2
6803,10,7,3
6804,14,9,5
6805,10,2,8
6806,10,6,4
6807,6,3,3
6808,18,9,9
6809,4,3,1
6810,11,8,3
6811,17,9,8
6812,3,0,3
6813,17,8,9
6814,4,1,3
6815,9,9,0
6816,5,2,3
6817,13,8,5
6818,10,6,4
6819,4,4,0
6820,16,9,7
6821,5,0,5
6822,10,4,6
6823,14,7,7
6824,14,5,9
6825,13,8,5
6826,14,5,9
6827,10,6,4
6828,10,3,7
6829,16,7,9
6830,4,0,4
6831,13,5,8
6832,13,5,8
6833,9,3,6
6834,10,9,1
6835,9,0,9
6836,10,8,2
6837,9,6,3
6838,7,1,6
6839,9,8,1
6840,2,1,1
6841,10,3,7
6842,12,9,3
6843,4,1,3
6844,7,4,3
6845,8,0,8
6846,9,9,0
6847,11,2,9
6848,10,8,2
6849,16,9,7
6850,10,9,1
6851,8,8,0
6852,18,9,9
6853,5,4,1
6854,12,4,8
6855,13,5,8
6856,13,9,4
6857,8,3,5
6858,5,1,4
6859,8,6,2
6860,5,5,0
6861,15,9,6
6862,6,0,6
6863,5,1,4
6864,9,1,8
6865,6,3,3
6866,5,4,1
6867,7,4,3
6868,18,9,9
6869,14,6,8
6870,12,4,8
6871,9,2,7
6872,6,6,0
6873,5,3,2
6874,14,8,6
6875,11,6,5
6876,8,7,1
6877,16,7,9
6878,16,9,7
6879,13,8,5
6880,16,7,9
6881,2,2,0
6882,10,9,1
6883,8,1,7
6884,8,4,4
6885,10,1,9
6886,3,1,2
6887,14,6,8
6888,13,8,5
6889,8,7,1
6890,11,3,8
6891,13,4,9
6892,1,1,0
6893,7,0,7
6894,11,8,3
6895,8,8,0
6896,7,6,1
6897,7,7,0
6898,7,0,7
6899,3,0,3
6900,8,1,7
6901,11,8,3
6902,8,2,6
6903,15,7,8
6904,5,1,4
6905,10,6,4
6906,9,9,0
6907,14,7,7
6908,9,6,3
6909,13,4,9
6910,16,7,9
6911,1,1,0
6912,9,1,8
6913,10,5,5
6914,4,1,3
6915,9,1,8
6916,10,3,7
6917,7,4,3
6918,9,6,3
6919,5,0,5
6920,1,0,1
6921,11,7,4
6922,8,8,0
6923,10,3,7
6924,3,3,0
6925,7,4,3
6926,10,9,1
6927,9,7,2
6928,7,6,1
6929,3,0,3
6930,17,9,8
6931,16,7,9
6932,13,5,8
6933,8,7,1
6934,7,5,2
6935,14,8,6
6936,10,5,5
6937,12,7,5
6938,12,5,7
6939,11,2,9
6940,6,0,6
6941,10,1,9
6942,17,8,9
6943,16,9,7
6944,10,4,6
6945,8,7,1
6946,10,6,4
6947,13,4,9
6948,10,2,8
6949,11,8,3
6950,16,7,9
6951,6,4,2
6952,4,4,0
6953,16,7,9
6954,10,1,9
6955,3,0,3
6956,10,8,2
6957,9,8,1
6958,11,3,8
6959,4,0,4
6960,12,3,9
6961,16,9,7
6962,8,3,5
6963,11,6,5
6964,9,6,3
6965,11,3,8
6966,10,4,6
6967,5,4,1
6968,15,7,8
6969,12,9,3
6970,6,3,3
6971,18,9,9
6972,8,6,2
6973,12,3,9
6974,17,8,9
6975,12,8,4
6976,15,9,6
6977,16,8,8
6978,4,1,3
6979,9,8,1
6980,10,8,2
6981,10,2,8
6982,11,8,3
6983,11,9,2
6984,12,6,6
6985,8,8,0
6986,7,3,4
6987,15,9,6
6988,15,8,7
6989,12,4,8
6990,12,4,8
6991,14,5,9
6992,18,9,9
6993,8,8,0
6994,10,6,4
6995,15,9,6
6996,5,0,5
6997,14,5,9
6998,15,9,6
6999,11,2,9
7000,10,3,7
7001,8,5,3
7002,14,9,5
7003,10,4,6
7004,11,8,3
7005,15,8,7
7006,9,8,1
7007,16,7,9
7008,8,4,4
7009,13,9,4
7010,7,2,5
7011,10,2,8
7012,13,9,4
7013,12,9,3
7014,9,4,5
7015,0,0,0
7016,13,9,4
7017,5,4,1
7018,9,8,1
7019,8,4,4
7020,15,6,9
7021,11,4,7
7022,13,5,8
7023,10,5,5
7024,16,7,9
7025,12,8,4
7026,12,3,9
7027,15,9,6
7028,12,4,8
7029,10,3,7
7030,13,8,5
7031,9,6,3
7032,6,5,1
7033,15,6,9
7034,10,3,7
7035,8,0,8
7036,18,9,9
7037,17,8,9
7038,4,2,2
7039,16,8,8
7040,8,3,5
7041,11,2,9
7042,10,8,2
7043,5,4,1
7044,8,6,2
7045,15,6,9
7046,10,3,7
7047,10,1,9
7048,11,8,3
7049,11,2,9
7050,12,6,6
7051,9,3,6
7052,9,9,0
7053,8,1,7
7054,15,8,7
7055,7,0,7
7056,3,1,2
7057,4,3,1
7058,9,3,6
7059,5,5,0
7060,14,8,6
7061,3,3,0
7062,14,9,5
7063,3,0,3
7064,14,8,6
7065,12,3,9
7066,10,8,2
7067,8,5,3
7068,11,7,4
7069,1,1,0
7070,11,7,4
7071,14,7,7
7072,7,1,6
7073,3,2,1
7074,11,4,7
7075,14,6,8
7076,8,5,3
7077,7,6,1
7078,16,9,7
7079,12,4,8
7080,16,8,8
7081,9,9,0
7082,10,2,8
7083,16,9,7
7084,8,5,3
7085,5,0,5
7086,6,4,2
7087,9,5,4
7088,12,3,9
7089,9,5,4
7090,11,6,5
7091,8,0,8
7092,4,1,3
7093,13,6,7
7094,16,7,9
7095,15,8,7
7096,12,5,7
7097,15,9,6
7098,7,7,0
7099,9,6,3
7100,10,6,4
7101,11,8,3
7102,10,4,6
7103,6,3,3
7104,10,7,3
7105,10,2,8
7106,8,4,4
7107,4,1,3
7108,9,4,5
7109,16,9,7
7110,10,8,2
7111,1,1,0
7112,9,0,9
7113,15,6,9
7114,12,9,3
7115,18,9,9
7116,16,9,7
7117,12,4,8
7118,9,9,0
7119,7,0,7
7120,8,5,3
7121,11,6,5
7122,12,6,6
7123,9,9,0
7124,7,3,4
7125,2,1,1
7126,9,9,0
7127,13,6,7
7128,13,8,5
7129,10,9,1
7130,16,9,7
7131,9,0,9
7132,18,9,9
7133,14,9,5
7134,8,1,7
7135,10,9,1
7136,13,6,7
7137,11,8,3
7138,5,1,4
7139,11,8,3
7140,13,4,9
7141,9,9,0
7142,14,9,5
7143,16,8,8
7144,6,6,0
7145,13,7,6
7146,7,4,3
7147,15,8,7
7148,8,1,7
7149,17,8,9
7150,8,1,7
7151,11,2,9
7152,14,7,7
7153,13,5,8
7154,11,4,7
7155,15,7,8
7156,11,9,2
7157,8,5,3
7158,7,4,3
7159,6,5,1
7160,9,9,0
7161,10,7,3
7162,12,9,3
7163,6,6,0
7164,4,3,1
7165,15,6,9
7166,3,0,3
7167,0,0,0
7168,9,1,8
7169,7,4,3
7170,3,2,1
7171,14,6,8
7172,6,0,6
7173,11,9,2
7174,12,4,8
7175,13,9,4
7176,14,9,5
7177,12,8,4
7178,10,6,4
7179,18,9,9
7180,11,4,7
7181,14,5,9
7182,3,0,3
7183,5,3,2
7184,13,8,5
7185,4,1,3
7186,11,4,7
7187,5,0,5
7188,7,4,3
7189,6,5,1
7190,3,0,3
7191,12,9,3
7192,15,9,6
7193,8,0,8
7194,4,4,0
7195,3,3,0
7196,11,8,3
7197,11,8,3
7198,11,7,4
7199,12,5,7
7200,8,4,4
7201,15,8,7
7202,8,0,8
7203,3,3,0
7204,15,9,6
7205,12,4,8
7206,18,9,9
7207,7,6,1
7208,3,0,3
7209,11,5,6
7210,8,1,7
7211,8,7,1
7212,12,5,7
7213,6,1,5
7214,7,4,3
7215,12,8,4
7216,6,1,5
7217,13,7,6
7218,8,4,4
7219,13,7,6
7220,9,6,3
7221,7,2,5
7222,8,3,5
7223,9,6,3
7224,15,6,9
7225,3,2,1
7226,8,0,8
7227,15,6,9
7228,15,7,8
7229,8,2,6
7230,13,6,7
7231,15,7,8
7232,11,5,6
7233,4,1,3
7234,16,8,8
7235,4,4,0
7236,10,1,9
7237,9,9,0
7238,15,6,9
7239,16,7,9
7240,15,7,8
7241,2,2,0
7242,3,1,2
7243,7,7,0
7244,17,8,9
7245,9,4,5
7246,11,4,7
7247,10,9,1
7248,10,2,8
7249,11,3,8
7250,13,5,8
7251,9,3,6
7252,8,0,8
7253,11,3,8
7254,12,8,4
7255,9,6,3
7256,16,9,7
7257,4,3,1
7258,12,5,7
7259,11,9,2
7260,18,9,9
7261,5,2,3
7262,10,8,2
7263,7,4,3
7264,13,9,4
7265,9,2,7
7266,11,8,3
7267,8,1,7
7268,8,0,8
7269,12,3,9
7270,4,0,4
7271,10,8,2
7272,8,1,7
7273,15,9,6
7274,14,8,6
7275,16,7,9
7276,13,8,5
7277,9,4,5
7278,7,6,1
7279,11,5,6
7280,10,8,2
7281,3,1,2
7282,3,0,3
7283,3,2,1
7284,9,0,9
7285,5,1,4
7286,12,7,5
7287,16,9,7
7288,17,8,9
7289,11,5,6
7290,13,4,9
7291,4,0,4
7292,8,1,7
7293,4,4,0
7294,13,9,4
7295,13,7,6
7296,4,1,3
7297,18,9,9
7298,8,5,3
7299,14,7,7
7300,5,2,3
7301,16,9,7
7302,8,3,5
7303,11,7,4
7304,7,3,4
7305,3,1,2
7306,7,0,7
7307,11,8,3
7308,10,8,2
7309,8,5,3
7310,10,9,1
7311,16,7,9
7312,16,7,9
7313,11,8,3
7314,12,3,9
7315,3,0,3
7316,7,6,1
7317,5,5,0
7318,9,3,6
7319,15,6,9
7320,13,7,6
7321,10,2,8
7322,10,9,1
7323,6,1,5
7324,15,7,8
7325,13,4,9
7326,10,4,6
7327,17,8,9
7328,10,3,7
7329,8,1,7
7330,12,9,3
7331,15,9,6
7332,4,0,4
7333,14,9,5
7334,7,5,2
7335,18,9,9
7336,11,4,7
7337,16,9,7
7338,11,6,5
7339,9,8,1
7340,12,4,8
7341,8,8,0
7342,8,7,1
7343,12,5,7
7344,14,6,8
7345,11,9,2
7346,11,7,4
7347,4,3,1
7348,11,3,8
7349,11,2,9
7350,16,7,9
7351,8,4,4
7352,10,6,4
7353,12,8,4
7354,8,3,5
7355,6,3,3
7356,2,2,0
7357,15,6,9
7358,5,3,2
7359,9,0,9
7360,16,8,8
7361,12,4,8
7362,9,2,7
7363,6,6,0
7364,12,4,8
7365,3,3,0
7366,16,8,8
7367,5,1,4
7368,11,6,5
7369,15,8,7
7370,8,4,4
7371,4,4,0
7372,15,9,6
7373,12,6,6
7374,15,9,6
7375,8,7,1
7376,7,6,1
7377,11,6,5
7378,17,8,9
7379,17,9,8
7380,10,9,1
7381,13,7,6
7382,7,0,7
7383,8,0,8
7384,12,8,4
7385,18,9,9
7386,1,0,1
7387,12,4,8
7388,11,7,4
7389,12,4,8
7390,11,7,4
7391,14,8,6
7392,16,9,7
7393,8,0,8
7394,13,6,7
7395,7,6,1
7396,13,4,9
7397,10,3,7
7398,7,1,6
7399,16,8,8
7400,5,1,4
7401,9,8,1
7402,17,8,9
7403,9,3,6
7404,12,6,6
7405,16,7,9
7406,11,6,5
7407,5,0,5
7408,8,0,8
7409,16,9,7
7410,12,9,3
7411,11,2,9
7412,7,7,0
7413,17,9,8
7414,13,6,7
7415,16,8,8
7416,8,7,1
7417,11,2,9
7418,5,2,3
7419,12,5,7
7420,9,9,0
7421,9,9,0
7422,10,3,7
7423,8,3,5
7424,15,7,8
7425,18,9,9
7426,7,7,0
7427,7,6,1
7428,12,9,3
7429,14,7,7
7430,13,7,6
7431,14,8,6
7432,13,5,8
7433,16,9,7
7434,13,8,5
7435,12,6,6
7436,8,4,4
7437,11,3,8
7438,9,7,2
7439,13,8,5
7440,12,9,3
7441,17,9,8
7442,5,5,0
7443,6,0,6
7444,12,9,3
7445,9,9,0
7446,15,8,7
7447,11,7,4
7448,12,6,6
7449,8,0,8
7450,10,7,3
7451,3,0,3
7452,12,4,8
7453,8,1,7
7454,8,7,1
7455,6,5,1
7456,14,8,6
7457,16,7,9
7458,12,9,3
7459,17,9,8
7460,13,5,8
7461,15,9,6
7462,8,4,4
7463,4,3,1
7464,2,0,2
7465,11,2,9
7466,12,6,6
7467,12,3,9
7468,13,4,9
7469,14,6,8
7470,11,9,2
7471,5,4,1
7472,7,3,4
7473,5,1,4
7474,1,0,1
7475,13,6,7
7476,11,3,8
7477,8,6,2
7478,18,9,9
7479,11,5,6
7480,8,4,4
7481,17,9,8
7482,13,7,6
7483,10,6,4
7484,16,8,8
7485,14,5,9
7486,14,9,5
7487,9,2,7
7488,1,1,0
7489,8,2,6
7490,12,4,8
7491,11,7,4
7492,11,2,9
7493,4,1,3
7494,13,4,9
7495,9,8,1
7496,10,4,6
7497,10,8,2
7498,14,7,7
7499,16,7,9
7500,18,9,9
7501,10,7,3
7502,8,2,6
7503,8,5,3
7504,4,4,0
7505,5,4,1
7506,7,0,7
7507,7,2,5
7508,16,9,7
7509,6,6,0
7510,16,8,8
7511,13,8,5
7512,4,3,1
7513,12,6,6
7514,8,5,3
7515,5,4,1
7516,13,4,9
7517,16,8,8
7518,16,7,9
7519,12,4,8
7520,6,3,3
7521,18,9,9
7522,1,1,0
7523,12,8,4
7524,16,8,8
7525,8,2,6
7526,7,1,6
7527,15,7,8
7528,13,5,8
7529,3,2,1
7530,5,2,3
7531,11,8,3
7532,10,3,7
7533,9,5,4
7534,17,8,9
7535,12,6,6
7536,9,7,2
7537,9,0,9
7538,13,6,7
7539,5,1,4
7540,14,6,8
7541,7,4,3
7542,11,8,3
7543,14,7,7
7544,11,3,8
7545,12,5,7
7546,9,4,5
7547,9,1,8
7548,12,3,9
7549,6,3,3
7550,14,8,6
7551,12,5,7
7552,4,3,1
7553,13,4,9
7554,14,5,9
7555,6,3,3
7556,5,1,4
7557,13,5,8
7558,11,7,4
7559,16,9,7
7560,10,4,6
7561,12,3,9
7562,10,6,4
7563,16,7,9
7564,11,4,7
7565,7,7,0
7566,10,7,3
7567,9,8,1
7568,9,0,9
7569,12,3,9
7570,15,8,7
7571,17,9,8
7572,10,6,4
7573,10,2,8
7574,11,8,3
7575,11,5,6
7576,0,0,0
7577,17,8,9
7578,13,6,7
7579,13,5,8
7580,8,3,5
7581,8,1,7
7582,4,1,3
7583,12,8,4
7584,11,2,9
7585,5,1,4
7586,14,9,5
7587,8,5,3
7588,9,8,1
7589,16,7,9
7590,10,9,1
7591,3,3,0
7592,7,4,3
7593,9,5,4
7594,14,6,8
7595,5,0,5
7596,17,9,8
7597,4,1,3
7598,7,6,1
7599,11,3,8
7600,2,2,0
7601,12,4,8
7602,13,5,8
7603,8,4,4
7604,10,1,9
7605,17,9,8
7606,7,7,0
7607,11,3,8
7608,13,9,4
7609,11,8,3
7610,14,5,9
7611,12,9,3
7612,12,3,9
7613,8,8,0
7614,5,0,5
7615,4,1,3
7616,7,5,2
7617,6,2,4
7618,3,0,3
7619,7,7,0
7620,1,0,1
7621,15,8,7
7622,10,7,3
7623,10,1,9
7624,6,1,5
7625,11,7,4
7626,8,1,7
7627,4,3,1
7628,3,0,3
7629,13,4,9
7630,12,6,6
7631,12,3,9
7632,9,9,0
7633,12,8,4
7634,7,3,4
7635,14,7,7
7636,11,2,9
7637,18,9,9
7638,15,9,6
7639,9,6,3
7640,13,4,9
7641,11,3,8
7642,13,6,7
7643,18,9,9
7644,7,1,6
7645,12,9,3
7646,17,8,9
7647,12,3,9
7648,11,4,7
7649,6,2,4
7650,12,8,4
7651,10,4,6
7652,12,9,3
7653,8,4,4
7654,5,0,5
7655,12,9,3
7656,11,8,3
7657,9,1,8
7658,15,9,6
7659,2,0,2
7660,11,5,6
7661,7,0,7
7662,3,2,1
7663,15,9,6
7664,13,7,6
7665,14,8,6
7666,12,6,6
7667,11,2,9
7668,15,7,8
7669,13,8,5
7670,9,3,6
7671,12,7,5
7672,10,1,9
7673,11,8,3
7674,8,8,0
7675,9,0,9
7676,8,3,5
7677,14,7,7
7678,11,9,2
7679,16,7,9
7680,10,2,8
7681,3,0,3
7682,14,8,6
7683,18,9,9
7684,15,9,6
7685,8,2,6
7686,15,7,8
7687,6,2,4
7688,13,9,4
7689,16,7,9
7690,16,8,8
7691,11,5,6
7692,12,9,3
7693,15,9,6
7694,9,0,9
7695,16,8,8
7696,13,8,5
7697,3,0,3
7698,9,6,3
7699,11,8,3
7700,8,1,7
7701,15,6,9
7702,11,2,9
7703,3,2,1
7704,5,0,5
7705,9,7,2
7706,8,1,7
7707,12,6,6
7708,5,1,4
7709,15,8,7
7710,15,6,9
7711,11,6,5
7712,7,1,6
7713,2,0,2
7714,6,0,6
7715,5,2,3
7716,8,5,3
7717,10,6,4
7718,9,0,9
7719,9,6,3
7720,13,6,7
7721,10,3,7
7722,13,4,9
7723,8,7,1
7724,7,3,4
7725,1,0,1
7726,11,8,3
7727,7,7,0
7728,14,5,9
7729,11,4,7
7730,17,9,8
7731,15,8,7
7732,14,6,8
7733,3,1,2
7734,12,9,3
7735,6,5,1
7736,13,6,7
7737,10,4,6
7738,7,0,7
7739,16,9,7
7740,10,2,8
7741,8,2,6
7742,11,3,8
7743,15,6,9
7744,8,1,7
7745,7,4,3
7746,15,7,8
7747,0,0,0
7748,14,8,6
7749,15,6,9
7750,15,8,7
7751,11,8,3
7752,7,6,1
7753,9,8,1
7754,8,0,8
7755,18,9,9
7756,12,6,6
7757,8,0,8
7758,9,0,9
7759,16,8,8
7760,11,7,4
7761,5,4,1
7762,10,1,9
7763,9,1,8
7764,10,4,6
7765,8,2,6
7766,10,9,1
7767,2,1,1
7768,3,0,3
7769,13,9,4
7770,4,1,3
7771,13,5,8
7772,0,0,0
7773,14,6,8
7774,16,8,8
7775,14,8,6
7776,7,3,4
7777,5,4,1
7778,12,3,9
7779,6,3,3
7780,16,9,7
7781,9,1,8
7782,15,9,6
7783,14,8,6
7784,12,5,7
7785,13,8,5
7786,6,1,5
7787,10,5,5
7788,13,4,9
7789,13,9,4
7790,17,9,8
7791,17,9,8
7792,7,1,6
7793,6,4,2
7794,11,4,7
7795,6,3,3
7796,2,2,0
7797,16,7,9
7798,9,0,9
7799,0,0,0
7800,9,1,8
7801,7,3,4
7802,10,6,4
7803,11,8,3
7804,9,1,8
7805,10,9,1
7806,5,2,3
7807,9,6,3
7808,9,7,2
7809,12,3,9
7810,16,8,8
7811,16,7,9
7812,1,0,1
7813,9,4,5
7814,11,8,3
7815,10,3,7
7816,0,0,0
7817,8,0,8
7818,11,4,7
7819,5,0,5
7820,16,7,9
7821,9,2,7
7822,11,3,8
7823,11,5,6
7824,16,9,7
7825,3,3,0
7826,13,6,7
7827,10,6,4
7828,15,7,8
7829,8,4,4
7830,15,6,9
7831,7,3,4
7832,7,6,1
7833,12,8,4
7834,3,3,0
7835,1,1,0
7836,9,3,6
7837,14,6,8
7838,14,5,9
7839,9,8,1
7840,13,8,5
7841,8,2,6
7842,0,0,0
7843,4,0,4
7844,10,7,3
7845,8,7,1
7846,6,2,4
7847,5,4,1
7848,17,8,9
7849,13,4,9
7850,14,9,5
7851,11,8,3
7852,16,9,7
7853,5,2,3
7854,8,3,5
7855,9,2,7
7856,10,8,2
7857,14,9,5
7858,1,0,1
7859,15,9,6
7860,9,6,3
7861,3,1,2
7862,9,0,9
7863,15,9,6
7864,16,7,9
7865,16,7,9
7866,8,1,7
7867,16,8,8
7868,15,9,6
7869,17,8,9
7870,4,0,4
7871,10,8,2
7872,12,4,8
7873,12,8,4
7874,12,8,4
7875,9,7,2
7876,11,6,5
7877,15,7,8
7878,15,7,8
7879,13,9,4
7880,9,8,1
7881,16,9,7
7882,7,1,6
7883,11,7,4
7884,17,8,9
7885,12,4,8
7886,12,8,4
7887,7,1,6
7888,14,7,7
7889,14,8,6
7890,12,6,6
7891,11,8,3
7892,13,5,8
7893,9,4,5
7894,13,4,9
7895,3,2,1
7896,12,6,6
7897,4,2,2
7898,9,3,6
7899,14,6,8
7900,16,9,7
7901,13,7,6
7902,4,3,1
7903,15,9,6
7904,16,8,8
7905,14,5,9
7906,13,7,6
7907,15,7,8
7908,8,5,3
7909,8,8,0
7910,16,7,9
7911,13,9,4
7912,6,3,3
7913,15,7,8
7914,5,4,1
7915,18,9,9
7916,12,9,3
7917,11,3,8
7918,6,3,3
7919,7,5,2
7920,17,9,8
7921,14,5,9
7922,2,0,2
7923,15,7,8
7924,8,0,8
7925,10,7,3
7926,7,5,2
7927,9,0,9
7928,8,0,8
7929,9,6,3
7930,14,9,5
7931,14,7,7
7932,12,6,6
7933,9,8,1
7934,10,9,1
7935,9,8,1
7936,9,0,9
7937,1,0,1
7938,9,1,8
7939,15,8,7
7940,9,0,9
7941,10,6,4
7942,8,3,5
7943,11,2,9
7944,4,1,3
7945,6,3,3
7946,11,5,6
7947,4,1,3
7948,15,7,8
7949,5,0,5
7950,12,9,3
7951,17,9,8
7952,4,3,1
7953,12,8,4
7954,9,4,5
7955,5,3,2
7956,5,1,4
7957,16,7,9
7958,6,0,6
7959,14,6,8
7960,11,9,2
7961,7,0,7
7962,10,4,6
7963,12,9,3
7964,16,9,7
7965,11,3,8
7966,11,4,7
7967,7,1,6
7968,15,9,6
7969,12,6,6
7970,12,4,8
7971,18,9,9
7972,2,0,2
7973,9,6,3
7974,18,9,9
7975,5,3,2
7976,6,0,6
7977,10,3,7
7978,17,8,9
7979,16,9,7
7980,12,3,9
7981,9,2,7
7982,12,9,3
7983,15,8,7
7984,14,6,8
7985,9,7,2
7986,12,9,3
7987,10,4,6
7988,11,2,9
7989,13,9,4
7990,7,6,1
7991,13,7,6
7992,13,9,4
7993,6,6,0
7994,1,0,1
7995,7,7,0
7996,9,6,3
7997,5,2,3
7998,16,8,8
7999,10,6,4
8000,6,3,3
8001,9,1,8
8002,15,7,8
8003,6,1,5
8004,11,3,8
8005,8,0,8
8006,10,9,1
8007,13,9,4
8008,10,6,4
8009,5,0,5
8010,10,2,8
8011,11,7,4
8012,9,9,0
8013,15,7,8
8014,15,9,6
8015,5,1,4
8016,14,8,6
8017,11,7,4
8018,3,1,2
8019,18,9,9
8020,14,6,8
8021,10,5,5
8022,5,1,4
8023,9,0,9
8024,13,6,7
8025,9,1,8
8026,10,4,6
8027,5,1,4
8028,6,6,0
8029,17,9,8
8030,13,7,6
8031,14,8,6
8032,13,5,8
8033,8,1,7
8034,9,4,5
8035,8,5,3
8036,10,9,1
8037,6,1,5
8038,10,6,4
8039,6,2,4
8040,11,6,5
8041,7,5,2
8042,9,2,7
8043,6,4,2
8044,7,2,5
8045,11,8,3
8046,9,8,1
8047,7,4,3
8048,9,8,1
8049,14,9,5
8050,5,1,4
8051,11,5,6
8052,16,9,7
8053,6,0,6
8054,9,3,6
8055,3,3,0
8056,12,6,6
8057,13,8,5
8058,9,2,7
8059,7,3,4
8060,16,9,7
8061,10,9,1
8062,10,9,1
8063,4,4,0
8064,11,6,5
8065,9,9,0
8066,7,7,0
8067,12,6,6
8068,8,3,5
8069,11,7,4
8070,9,9,0
8071,11,7,4
8072,4,1,3
8073,4,3,1
8074,7,7,0
8075,16,7,9
8076,9,9,0
8077,15,9,6
8078,7,0,7
8079,6,1,5
8080,7,4,3
8081,8,8,0
8082,5,4,1
8083,12,3,9
8084,7,3,4
8085,15,6,9
8086,7,3,4
8087,6,4,2
8088,11,7,4
8089,15,7,8
8090,15,9,6
8091,13,4,9
8092,15,6,9
8093,12,5,7
8094,9,6,3
8095,2,1,1
8096,7,6,1
8097,8,8,0
8098,2,1,1
8099,12,3,9
8100,11,3,8
8101,10,6,4
8102,16,8,8
8103,13,7,6
8104,6,1,5
8105,16,8,8
8106,7,7,0
8107,10,3,7
8108,5,3,2
8109,7,3,4
8110,17,8,9
8111,8,1,7
8112,4,1,3
8113,9,0,9
8114,10,9,1
8115,9,1,8
8116,18,9,9
8117,9,5,4
8118,7,6,1
8119,12,5,7
8120,18,9,9
8121,5,3,2
8122,4,2,2
8123,16,9,7
8124,18,9,9
8125,15,6,9
8126,6,3,3
8127,11,3,8
8128,8,6,2
8129,12,8,4
8130,12,9,3
8131,11,3,8
8132,18,9,9
8133,13,4,9
8134,10,8,2
8135,15,7,8
8136,14,5,9
8137,2,1,1
8138,12,4,8
8139,9,6,3
8140,14,8,6
8141,17,8,9
8142,4,4,0
8143,8,3,5
8144,10,9,1
8145,15,8,7
8146,12,9,3
8147,8,3,5
8148,17,8,9
8149,11,4,7
8150,12,4,8
8151,9,4,5
8152,18,9,9
8153,8,7,1
8154,8,0,8
8155,0,0,0
8156,17,9,8
8157,5,1,4
8158,8,5,3
8159,16,8,8
8160,16,9,7
8161,2,2,0
8162,13,4,9
8163,13,4,9
8164,12,6,6
8165,13,9,4
8166,10,6,4
8167,6,0,6
8168,16,7,9
8169,11,7,4
8170,8,8,0
8171,15,6,9
8172,8,4,4
8173,11,7,4
8174,8,0,8
8175,10,4,6
8176,14,6,8
8177,11,2,9
8178,11,2,9
8179,3,0,3
8180,8,4,4
8181,11,7,4
8182,10,4,6
8183,10,5,5
8184,9,2,7
8185,16,8,8
8186,3,2,1
8187,15,8,7
8188,9,1,8
8189,4,0,4
8190,17,8,9
8191,12,4,8
8192,5,3,2
8193,8,5,3
8194,1,0,1
8195,14,8,6
8196,7,3,4
8197,4,2,2
8198,14,8,6
8199,3,2,1
8200,14,5,9
8201,10,8,2
8202,13,8,5
8203,15,6,9
8204,10,9,1
8205,12,5,7
8206,7,4,3
8207,9,0,9
8208,9,4,5
8209,8,5,3
8210,8,4,4
8211,10,4,6
8212,12,5,7
8213,8,8,0
8214,13,8,5
8215,13,6,7
8216,8,5,3
8217,9,1,8
8218,11,3,8
8219,13,4,9
8220,9,6,3
8221,5,4,1
8222,10,4,6
8223,7,4,3
8224,18,9,9
8225,13,7,6
8226,10,8,2
8227,14,8,6
8228,14,6,8
8229,15,6,9
8230,6,0,6
8231,5,1,4
8232,15,8,7
8233,7,7,0
8234,3,3,0
8235,5,2,3
8236,11,4,7
8237,7,4,3
8238,12,7,5
8239,10,3,7
8240,8,4,4
8241,13,4,9
8242,13,7,6
8243,11,7,4
8244,7,1,6
8245,18,9,9
8246,11,2,9
8247,5,1,4
8248,6,6,0
8249,9,2,7
8250,6,5,1
8251,5,2,3
8252,9,9,0
8253,15,7,8
8254,12,7,5
8255,9,4,5
8256,14,9,5
8257,15,7,8
8258,13,9,4
8259,11,4,7
8260,12,7,5
8261,12,9,3
8262,14,6,8
8263,16,8,8
8264,10,6,4
8265,13,9,4
8266,10,6,4
8267,16,8,8
8268,8,0,8
8269,11,4,7
8270,10,4,6
8271,6,0,6
8272,4,3,1
8273,12,7,5
8274,4,1,3
8275,15,6,9
8276,8,5,3
8277,10,5,5
8278,9,6,3
8279,10,8,2
8280,14,8,6
8281,10,1,9
8282,11,3,8
8283,8,5,3
8284,8,7,1
8285,4,2,2
8286,7,2,5
8287,2,2,0
8288,13,9,4
8289,17,9,8
8290,13,4,9
8291,13,7,6
8292,16,8,8
8293,11,8,3
8294,12,9,3
8295,9,0,9
8296,9,4,5
8297,8,6,2
8298,16,7,9
8299,11,9,2
8300,12,4,8
8301,13,9,4
8302,9,8,1
8303,8,2,6
8304,1,1,0
8305,17,8,9
8306,5,1,4
8307,7,5,2
8308,10,1,9
8309,12,6,6
8310,16,7,9
8311,16,7,9
8312,14,7,7
8313,10,9,1
8314,11,4,7
8315,14,7,7
8316,10,3,7
8317,16,7,9
8318,8,0,8
8319,11,5,6
8320,16,8,8
8321,15,8,7
8322,16,7,9
8323,11,2,9
8324,8,1,7
8325,5,1,4
8326,12,3,9
8327,12,9,3
8328,11,2,9
8329,10,4,6
8330,11,9,2
8331,6,4,2
8332,8,8,0
8333,7,3,4
8334,12,3,9
8335,6,3,3
8336,2,0,2
8337,14,5,9
8338,13,9,4
8339,8,0,8
8340,6,0,6
8341,7,4,3
8342,12,3,9
8343,11,2,9
8344,12,5,7
8345,14,8,6
8346,6,3,3
8347,13,6,7
8348,8,5,3
8349,14,7,7
8350,7,4,3
8351,10,5,5
8352,13,8,5
8353,3,0,3
8354,14,5,9
8355,6,6,0
8356,11,3,8
8357,15,6,9
8358,14,9,5
8359,12,3,9
8360,6,2,4
8361,12,7,5
8362,12,3,9
8363,6,6,0
8364,7,6,1
8365,16,9,7
8366,7,5,2
8367,8,8,0
8368,10,4,6
8369,5,0,5
8370,11,4,7
8371,9,3,6
8372,12,8,4
8373,15,6,9
8374,12,4,8
8375,17,9,8
8376,13,6,7
8377,7,4,3
8378,5,3,2
8379,10,3,7
8380,5,1,4
8381,1,0,1
8382,15,9,6
8383,9,1,8
8384,1,1,0
8385,8,3,5
8386,16,7,9
8387,9,1,8
8388,9,8,1
8389,8,6,2
8390,7,6,1
8391,16,9,7
8392,3,3,0
8393,16,7,9
8394,6,4,2
8395,1,1,0
8396,3,2,1
8397,8,5,3
8398,13,9,4
8399,13,8,5
8400,7,7,0
8401,9,1,8
8402,16,7,9
8403,5,1,4
8404,9,9,0
8405,11,4,7
8406,11,8,3
8407,13,7,6
8408,9,9,0
8409,4,0,4
8410,12,7,5
8411,13,9,4
8412,9,1,8
8413,3,0,3
8414,15,8,7
8415,13,5,8
8416,12,3,9
8417,3,1,2
8418,12,4,8
8419,17,9,8
8420,5,5,0
8421,16,8,8
8422,10,6,4
8423,10,1,9
8424,17,8,9
8425,8,8,0
8426,3,2,1
8427,7,7,0
8428,14,5,9
8429,13,7,6
8430,4,1,3
8431,2,0,2
8432,14,6,8
8433,12,8,4
8434,11,8,3
8435,15,6,9
8436,16,7,9
8437,12,7,5
8438,7,2,5
8439,8,6,2
8440,10,9,1
8441,17,9,8
8442,8,0,8
8443,17,8,9
8444,10,6,4
8445,13,9,4
8446,15,6,9
8447,8,1,7
8448,5,0,5
8449,5,4,1
8450,6,0,6
8451,11,6,5
8452,6,3,3
8453,12,5,7
8454,7,3,4
8455,13,4,9
8456,10,4,6
8457,14,6,8
8458,11,8,3
8459,9,3,6
8460,11,7,4
8461,12,3,9
8462,6,6,0
8463,12,8,4
8464,2,1,1
8465,11,7,4
8466,13,7,6
8467,17,9,8
8468,8,8,0
8469,16,8,8
8470,18,9,9
8471,9,3,6
8472,4,3,1
8473,15,8,7
8474,17,9,8
8475,10,9,1
8476,5,2,3
8477,8,5,3
8478,10,5,5
8479,16,9,7
8480,11,7,4
8481,10,5,5
8482,7,6,1
8483,8,0,8
8484,9,8,1
8485,14,8,6
8486,5,0,5
8487,2,1,1
8488,6,6,0
8489,6,4,2
8490,11,8,3
8491,0,0,0
8492,14,7,7
8493,9,8,1
8494,16,9,7
8495,14,5,9
8496,8,5,3
8497,9,1,8
8498,5,3,2
8499,11,3,8
8500,11,5,6
8501,15,7,8
8502,12,3,9
8503,6,6,0
8504,17,8,9
8505,6,5,1
8506,8,3,5
8507,14,6,8
8508,3,0,3
8509,8,7,1
8510,6,3,3
8511,13,7,6
8512,6,5,1
8513,15,7,8
8514,11,8,3
8515,8,1,7
8516,12,3,9
8517,9,3,6
8518,10,3,7
8519,7,5,2
8520,5,1,4
8521,9,8,1
8522,1,1,0
8523,2,1,1
8524,10,2,8
8525,8,5,3
8526,14,8,6
8527,3,3,0
8528,14,9,5
8529,5,3,2
8530,3,0,3
8531,9,2,7
8532,13,9,4
8533,3,0,3
8534,7,7,0
8535,9,9,0
8536,10,1,9
8537,5,2,3
8538,16,7,9
8539,8,8,0
8540,14,9,5
8541,5,5,0
8542,13,9,4
8543,1,0,1
8544,12,9,3
8545,16,8,8
8546,16,8,8
8547,18,9,9
8548,10,7,3
8549,12,7,5
8550,18,9,9
8551,7,6,1
8552,11,8,3
8553,2,1,1
8554,1,0,1
8555,1,1,0
8556,9,7,2
8557,14,8,6
8558,9,5,4
8559,5,4,1
8560,3,1,2
8561,5,2,3
8562,8,7,1
8563,9,0,9
8564,12,6,6
8565,2,1,1
8566,12,9,3
8567,9,7,2
8568,10,6,4
8569,6,5,1
8570,10,4,6
8571,14,8,6
8572,13,5,8
8573,12,6,6
8574,7,1,6
8575,6,6,0
8576,12,9,3
8577,7,7,0
8578,8,5,3
8579,12,6,6
8580,3,0,3
8581,7,4,3
8582,10,7,3
8583,1,1,0
8584,8,6,2
8585,2,1,1
8586,11,4,7
8587,6,3,3
8588,1,1,0
8589,14,9,5
8590,14,8,6
8591,17,9,8
8592,10,5,5
8593,14,7,7
8594,5,1,4
8595,8,6,2
8596,6,4,2
8597,3,0,3
8598,6,1,5
8599,15,8,7
8600,12,3,9
8601,9,0,9
8602,12,3,9
8603,9,0,9
8604,9,5,4
8605,15,9,6
8606,17,8,9
8607,11,4,7
8608,4,3,1
8609,17,8,9
8610,12,7,5
8611,9,3,6
8612,6,3,3
8613,13,5,8
8614,5,2,3
8615,16,7,9
8616,2,1,1
8617,7,6,1
8618,8,8,0
8619,17,8,9
8620,12,5,7
8621,6,0,6
8622,1,0,1
8623,10,9,1
8624,18,9,9
8625,13,4,9
8626,17,9,8
8627,9,6,3
8628,8,1,7
8629,15,6,9
8630,8,7,1
8631,7,4,3
8632,11,3,8
8633,11,5,6
8634,6,5,1
8635,11,8,3
8636,16,9,7
8637,16,7,9
8638,1,1,0
8639,13,9,4
8640,16,7,9
8641,18,9,9
8642,8,1,7
8643,10,9,1
8644,6,5,1
8645,5,2,3
8646,11,5,6
8647,15,6,9
8648,8,2,6
8649,16,7,9
8650,17,8,9
8651,10,3,7
8652,8,6,2
8653,9,3,6
8654,1,0,1
8655,7,7,0
8656,7,0,7
8657,7,0,7
8658,14,7,7
8659,7,7,0
8660,9,3,6
8661,14,8,6
8662,10,9,1
8663,10,1,9
8664,12,8,4
8665,5,5,0
8666,12,4,8
8667,4,1,3
8668,8,4,4
8669,15,6,9
8670,4,0,4
8671,7,6,1
8672,11,2,9
8673,9,1,8
8674,3,1,2
8675,7,1,6
8676,16,9,7
8677,13,9,4
8678,12,9,3
8679,11,3,8
8680,15,9,6
8681,9,0,9
8682,12,3,9
8683,8,4,4
8684,10,9,1
8685,8,1,7
8686,13,4,9
8687,10,1,9
8688,18,9,9
8689,3,0,3
8690,12,6,6
8691,11,3,8
8692,9,4,5
8693,9,7,2
8694,15,8,7
8695,7,7,0
8696,13,5,8
8697,10,1,9
8698,12,8,4
8699,14,7,7
8700,14,9,5
8701,16,7,9
8702,16,8,8
8703,9,8,1
8704,12,6,6
8705,16,8,8
8706,12,3,9
8707,13,5,8
8708,11,8,3
8709,12,4,8
8710,16,8,8
8711,8,5,3
8712,6,3,3
8713,15,6,9
8714,9,8,1
8715,12,7,5
8716,14,8,6
8717,11,7,4
8718,3,3,0
8719,7,6,1
8720,10,1,9
8721,5,5,0
8722,16,8,8
8723,10,4,6
8724,7,1,6
8725,9,4,5
8726,9,9,0
8727,14,8,6
8728,11,9,2
8729,13,4,9
8730,17,9,8
8731,14,6,8
8732,11,5,6
8733,8,0,8
8734,9,6,3
8735,7,0,7
8736,12,9,3
8737,5,3,2
8738,8,8,0
8739,15,8,7
8740,8,1,7
8741,13,4,9
8742,16,9,7
8743,11,3,8
8744,16,7,9
8745,8,3,5
8746,11,4,7
8747,11,8,3
8748,10,4,6
8749,14,9,5
8750,9,3,6
8751,2,1,1
8752,12,6,6
8753,8,6,2
8754,16,8,8
8755,8,1,7
8756,4,1,3
8757,8,8,0
8758,7,4,3
8759,9,4,5
8760,10,7,3
8761,14,7,7
8762,9,6,3
8763,13,4,9
8764,16,7,9
8765,7,3,4
8766,6,6,0
8767,8,5,3
8768,14,7,7
8769,14,9,5
8770,7,0,7
8771,13,7,6
8772,11,6,5
8773,4,0,4
8774,5,4,1
8775,5,2,3
8776,12,9,3
8777,18,9,9
8778,8,5,3
8779,7,7,0
8780,12,6,6
8781,13,4,9
8782,9,8,1
8783,8,0,8
8784,16,9,7
8785,11,9,2
8786,7,1,6
8787,4,4,0
8788,13,5,8
8789,16,9,7
8790,8,2,6
8791,7,6,1
8792,9,2,7
8793,12,8,4
8794,11,4,7
8795,3,3,0
8796,15,8,7
8797,8,8,0
8798,16,8,8
8799,11,6,5
8800,5,2,3
8801,9,7,2
8802,13,9,4
8803,6,3,3
8804,18,9,9
8805,13,7,6
8806,11,4,7
8807,6,5,1
8808,4,3,1
8809,3,0,3
8810,8,3,5
8811,12,7,5
8812,8,6,2
8813,17,9,8
8814,10,7,3
8815,15,9,6
8816,10,3,7
8817,16,9,7
8818,12,8,4
8819,3,3,0
8820,8,1,7
8821,13,9,4
8822,12,8,4
8823,7,0,7
8824,7,7,0
8825,10,3,7
8826,14,6,8
8827,12,3,9
8828,16,7,9
8829,17,8,9
8830,1,0,1
8831,6,3,3
8832,5,5,0
8833,10,3,7
8834,10,5,5
8835,4,3,1
8836,2,0,2
8837,5,0,5
8838,15,8,7
8839,11,3,8
8840,11,2,9
8841,10,3,7
8842,8,2,6
8843,14,8,6
8844,11,9,2
8845,8,3,5
8846,11,3,8
8847,9,9,0
8848,2,2,0
8849,8,5,3
8850,4,1,3
8851,10,3,7
8852,7,2,5
8853,2,2,0
8854,17,8,9
8855,2,2,0
8856,13,6,7
8857,5,4,1
8858,9,6,3
8859,12,8,4
8860,11,4,7
8861,8,8,0
8862,10,9,1
8863,11,8,3
8864,3,2,1
8865,7,5,2
8866,7,6,1
8867,17,8,9
8868,9,3,6
8869,1,1,0
8870,16,8,8
8871,10,1,9
8872,8,0,8
8873,6,3,3
8874,14,8,6
8875,11,8,3
8876,5,5,0
8877,8,7,1
8878,6,3,3
8879,11,3,8
8880,12,3,9
8881,15,7,8
8882,5,1,4
8883,14,5,9
8884,5,2,3
8885,5,5,0
8886,6,3,3
8887,11,5,6
8888,16,9,7
8889,0,0,0
8890,12,6,6
8891,6,3,3
8892,10,8,2
8893,4,3,1
8894,12,4,8
8895,16,7,9
8896,15,9,6
8897,11,6,5
8898,14,8,6
8899,5,4,1
8900,14,7,7
8901,9,0,9
8902,12,4,8
8903,11,9,2
8904,14,6,8
8905,4,4,0
8906,8,5,3
8907,9,0,9
8908,12,4,8
8909,9,1,8
8910,0,0,0
8911,7,4,3
8912,13,4,9
8913,14,7,7
8914,3,3,0
8915,11,5,6
8916,14,5,9
8917,13,7,6
8918,8,5,3
8919,4,3,1
8920,1,0,1
8921,6,2,4
8922,10,9,1
8923,5,3,2
8924,15,6,9
8925,14,8,6
8926,12,3,9
8927,4,1,3
8928,8,1,7
8929,10,9,1
8930,8,1,7
8931,3,3,0
8932,11,4,7
8933,5,3,2
8934,1,1,0
8935,8,8,0
8936,10,2,8
8937,8,1,7
8938,8,1,7
8939,11,3,8
8940,8,0,8
8941,12,9,3
8942,11,3,8
8943,10,4,6
8944,11,2,9
8945,8,0,8
8946,14,7,7
8947,4,1,3
8948,12,6,6
8949,6,0,6
8950,10,4,6
8951,8,0,8
8952,7,1,6
8953,5,0,5
8954,14,9,5
8955,7,7,0
8956,16,7,9
8957,11,4,7
8958,11,5,6
8959,12,7,5
8960,15,8,7
8961,15,6,9
8962,8,4,4
8963,12,6,6
8964,6,6,0
8965,13,8,5
8966,15,6,9
8967,3,3,0
8968,1,1,0
8969,11,5,6
8970,8,6,2
8971,17,9,8
8972,14,8,6
8973,13,6,7
8974,2,0,2
8975,8,8,0
8976,6,5,1
8977,14,6,8
8978,14,5,9
8979,8,2,6
8980,10,2,8
8981,16,9,7
8982,10,6,4
8983,8,5,3
8984,11,5,6
8985,10,3,7
8986,16,7,9
8987,9,0,9
8988,11,3,8
8989,7,0,7
8990,13,8,5
8991,8,1,7
8992,12,9,3
8993,11,5,6
8994,8,4,4
8995,13,4,9
8996,9,0,9
8997,16,8,8
8998,14,6,8
8999,7,0,7
9000,15,9,6
9001,9,9,0
9002,12,4,8
9003,10,7,3
9004,14,5,9
9005,14,5,9
9006,3,2,1
9007,13,8,5
9008,8,0,8
9009,15,8,7
9010,10,7,3
9011,13,4,9
9012,11,4,7
9013,3,3,0
9014,6,5,1
9015,9,6,3
9016,15,8,7
9017,10,1,9
9018,13,4,9
9019,14,7,7
9020,8,5,3
9021,13,9,4
9022,10,8,2
9023,18,9,9
9024,13,6,7
9025,8,5,3
9026,15,6,9
9027,1,1,0
9028,12,5,7
9029,14,6,8
9030,14,5,9
9031,14,6,8
9032,10,2,8
9033,9,2,7
9034,1,0,1
9035,12,9,3
9036,4,3,1
9037,9,7,2
9038,5,3,2
9039,8,8,0
9040,10,9,1
9041,0,0,0
9042,5,0,5
9043,8,0,8
9044,16,9,7
9045,4,3,1
9046,12,5,7
9047,15,7,8
9048,10,9,1
9049,15,9,6
9050,13,7,6
9051,0,0,0
9052,18,9,9
9053,3,1,2
9054,15,6,9
9055,12,7,5
9056,7,5,2
9057,6,6,0
9058,13,9,4
9059,11,8,3
9060,5,2,3
9061,7,1,6
9062,5,1,4
9063,8,6,2
9064,9,9,0
9065,4,3,1
9066,7,7,0
9067,7,0,7
9068,9,2,7
9069,8,8,0
9070,14,7,7
9071,4,2,2
9072,15,6,9
9073,18,9,9
9074,8,1,7
9075,3,2,1
9076,9,0,9
9077,12,9,3
9078,11,8,3
9079,8,1,7
9080,12,8,4
9081,15,8,7
9082,9,8,1
9083,11,9,2
9084,5,4,1
9085,5,0,5
9086,15,7,8
9087,15,8,7
9088,6,3,3
9089,14,5,9
9090,14,6,8
9091,6,6,0
9092,13,7,6
9093,14,8,6
9094,12,7,5
9095,7,1,6
9096,14,5,9
9097,8,0,8
9098,11,4,7
9099,8,1,7
9100,10,9,1
9101,4,4,0
9102,8,7,1
9103,16,8,8
9104,12,3,9
9105,5,3,2
9106,9,6,3
9107,15,8,7
9108,8,1,7
9109,15,7,8
9110,6,0,6
9111,9,0,9
9112,12,7,5
9113,13,7,6
9114,11,9,2
9115,10,7,3
9116,12,4,8
9117,9,7,2
9118,8,2,6
9119,8,4,4
9120,9,6,3
9121,16,7,9
9122,11,8,3
9123,17,9,8
9124,15,8,7
9125,5,3,2
9126,1,1,0
9127,7,1,6
9128,10,1,9
9129,6,6,0
9130,8,1,7
9131,11,4,7
9132,14,5,9
9133,11,3,8
9134,10,6,4
9135,6,2,4
9136,12,8,4
9137,18,9,9
9138,11,5,6
9139,5,3,2
9140,3,0,3
9141,10,2,8
9142,9,6,3
9143,13,5,8
9144,8,3,5
9145,4,0,4
9146,8,7,1
9147,7,5,2
9148,5,0,5
9149,18,9,9
9150,17,8,9
9151,11,4,7
9152,13,9,4
9153,16,9,7
9154,14,7,7
9155,7,0,7
9156,10,4,6
9157,13,9,4
9158,14,7,7
9159,9,1,8
9160,11,6,5
9161,5,5,0
9162,12,6,6
9163,6,6,0
9164,12,3,9
9165,9,5,4
9166,14,8,6
9167,14,5,9
9168,18,9,9
9169,10,8,2
9170,10,3,7
9171,10,7,3
9172,10,3,7
9173,6,3,3
9174,18,9,9
9175,7,4,3
9176,13,4,9
9177,9,9,0
9178,11,7,4
9179,11,7,4
9180,7,6,1
9181,10,3,7
9182,9,9,0
9183,10,2,8
9184,18,9,9
9185,10,6,4
9186,7,4,3
9187,6,1,5
9188,10,9,1
9189,4,1,3
9190,6,5,1
9191,10,1,9
9192,17,8,9
9193,10,2,8
9194,5,5,0
9195,8,6,2
9196,4,4,0
9197,10,5,5
9198,6,6,0
9199,12,3,9
9200,12,9,3
9201,10,4,6
9202,9,9,0
9203,8,8,0
9204,13,7,6
9205,14,6,8
9206,7,3,4
9207,8,8,0
9208,13,6,7
9209,15,9,6
9210,12,6,6
9211,10,6,4
9212,7,7,0
9213,14,7,7
9214,9,2,7
9215,15,7,8
9216,13,9,4
9217,8,8,0
9218,13,4,9
9219,14,9,5
9220,10,4,6
9221,10,5,5
9222,6,1,5
9223,12,9,3
9224,4,2,2
9225,6,5,1
9226,9,1,8
9227,15,8,7
9228,10,6,4
9229,5,4,1
9230,15,9,6
9231,9,3,6
9232,9,5,4
9233,3,1,2
9234,8,1,7
9235,11,9,2
9236,15,6,9
9237,9,8,1
9238,17,9,8
9239,15,6,9
9240,13,6,7
9241,16,8,8
9242,12,3,9
9243,12,3,9
9244,9,0,9
9245,2,2,0
9246,6,5,1
9247,6,4,2
9248,12,7,5
9249,6,3,3
9250,10,3,7
9251,11,3,8
9252,15,8,7
9253,13,5,8
9254,11,7,4
9255,8,3,5
9256,14,6,8
9257,11,5,6
9258,3,2,1
9259,14,6,8
9260,9,0,9
9261,18,9,9
9262,1,0,1
9263,13,8,5
9264,12,6,6
9265,15,6,9
9266,7,4,3
9267,11,8,3
9268,15,9,6
9269,13,8,5
9270,11,3,8
9271,14,6,8
9272,6,6,0
9273,5,1,4
9274,6,1,5
9275,11,5,6
9276,5,2,3
9277,12,7,5
9278,2,2,0
9279,6,0,6
9280,7,4,3
9281,15,9,6
9282,8,6,2
9283,10,1,9
9284,16,7,9
9285,14,5,9
9286,13,8,5
9287,6,3,3
9288,13,6,7
9289,5,4,1
9290,7,1,6
9291,12,8,4
9292,15,6,9
9293,9,4,5
9294,7,7,0
9295,9,1,8
9296,6,0,6
9297,13,5,8
9298,15,6,9
9299,12,8,4
9300,10,1,9
9301,13,9,4
9302,8,4,4
9303,5,2,3
9304,10,5,5
9305,7,1,6
9306,6,4,2
9307,15,9,6
9308,9,8,1
9309,11,2,9
9310,12,3,9
9311,8,0,8
9312,11,7,4
9313,16,7,9
9314,2,2,0
9315,13,6,7
9316,10,3,7
9317,16,9,7
9318,12,9,3
9319,2,2,0
9320,9,4,5
9321,12,4,8
9322,16,8,8
9323,5,2,3
9324,5,2,3
9325,7,0,7
9326,10,3,7
9327,10,8,2
9328,7,4,3
9329,17,9,8
9330,14,5,9
9331,13,5,8
9332,9,9,0
9333,5,2,3
9334,9,9,0
9335,10,1,9
9336,12,4,8
9337,11,7,4
9338,10,1,9
9339,17,9,8
9340,12,6,6
9341,16,7,9
9342,8,0,8
9343,1,0,1
9344,8,2,6
9345,4,3,1
9346,14,9,5
9347,12,8,4
9348,12,8,4
9349,11,8,3
9350,6,5,1
9351,8,2,6
9352,9,5,4
9353,3,1,2
9354,7,4,3
9355,13,4,9
9356,13,4,9
9357,6,6,0
9358,11,9,2
9359,15,8,7
9360,10,8,2
9361,13,7,6
9362,16,7,9
9363,7,4,3
9364,14,7,7
9365,9,3,6
9366,6,1,5
9367,12,8,4
9368,8,8,0
9369,6,6,0
9370,5,0,5
9371,13,4,9
9372,12,6,6
9373,10,6,4
9374,6,1,5
9375,7,3,4
9376,15,8,7
9377,10,4,6
9378,12,8,4
9379,9,6,3
9380,14,5,9
9381,16,8,8
9382,11,6,5
9383,14,7,7
9384,9,9,0
9385,2,2,0
9386,12,3,9
9387,15,8,7
9388,12,6,6
9389,14,9,5
9390,4,2,2
9391,9,0,9
9392,1,1,0
9393,17,9,8
9394,8,4,4
9395,10,5,5
9396,12,3,9
9397,4,4,0
9398,14,8,6
9399,8,2,6
9400,6,4,2
9401,10,2,8
9402,6,3,3
9403,12,6,6
9404,15,9,6
9405,7,2,5
9406,11,9,2
9407,13,4,9
9408,6,6,0
9409,16,9,7
9410,14,5,9
9411,13,5,8
9412,11,5,6
9413,8,4,4
9414,11,8,3
9415,12,6,6
9416,1,0,1
9417,11,4,7
9418,10,1,9
9419,14,8,6
9420,13,6,7
9421,12,8,4
9422,8,8,0
9423,13,7,6
9424,9,3,6
9425,9,0,9
9426,9,9,0
9427,17,9,8
9428,6,2,4
9429,16,7,9
9430,8,6,2
9431,11,3,8
9432,6,6,0
9433,6,2,4
9434,13,7,6
9435,1,1,0
9436,9,1,8
9437,8,3,5
9438,14,8,6
9439,9,1,8
9440,9,6,3
9441,8,3,5
9442,13,7,6
9443,6,2,4
9444,9,5,4
9445,8,5,3
9446,17,9,8
9447,5,2,3
9448,6,2,4
9449,14,6,8
9450,10,6,4
9451,5,4,1
9452,7,3,4
9453,6,0,6
9454,11,9,2
9455,16,8,8
9456,6,3,3
9457,7,7,0
9458,5,5,0
9459,9,3,6
9460,5,2,3
9461,6,3,3
9462,8,4,4
9463,9,8,1
9464,11,8,3
9465,12,8,4
9466,7,7,0
9467,15,9,6
9468,8,0,8
9469,16,9,7
9470,17,8,9
9471,6,3,3
9472,10,3,7
9473,14,9,5
9474,9,3,6
9475,11,5,6
9476,6,0,6
9477,12,8,4
9478,10,2,8
9479,17,9,8
9480,13,8,5
9481,10,1,9
9482,11,4,7
9483,12,3,9
9484,10,2,8
9485,12,4,8
9486,16,9,7
9487,3,1,2
9488,10,8,2
9489,9,8,1
9490,14,5,9
9491,9,2,7
9492,12,3,9
9493,12,8,4
9494,0,0,0
9495,4,1,3
9496,15,9,6
9497,4,2,2
9498,9,2,7
9499,6,1,5
9500,10,3,7
9501,10,7,3
9502,9,3,6
9503,9,3,6
9504,16,7,9
9505,11,9,2
9506,1,0,1
9507,11,6,5
9508,7,6,1
9509,13,5,8
9510,10,6,4
9511,10,2,8
9512,10,6,4
9513,16,9,7
9514,13,8,5
9515,12,9,3
9516,18,9,9
9517,12,4,8
9518,14,8,6
9519,9,0,9
9520,12,5,7
9521,11,8,3
9522,12,8,4
9523,6,3,3
9524,13,7,6
9525,15,9,6
9526,14,5,9
9527,12,9,3
9528,11,9,2
9529,17,8,9
9530,10,9,1
9531,10,8,2
9532,13,4,9
9533,12,4,8
9534,7,2,5
9535,10,6,4
9536,10,2,8
9537,13,6,7
9538,6,3,3
9539,15,9,6
9540,9,1,8
9541,15,8,7
9542,13,8,5
9543,14,7,7
9544,9,9,0
9545,10,3,7
9546,6,2,4
9547,8,8,0
9548,5,2,3
9549,2,1,1
9550,12,6,6
9551,7,4,3
9552,8,5,3
9553,10,1,9
9554,4,1,3
9555,15,7,8
9556,15,8,7
9557,14,5,9
9558,14,7,7
9559,1,0,1
9560,6,1,5
9561,10,6,4
9562,9,5,4
9563,14,8,6
9564,7,3,4
9565,8,2,6
9566,12,6,6
9567,8,3,5
9568,9,9,0
9569,9,9,0
9570,8,0,8
9571,12,4,8
9572,7,6,1
9573,9,8,1
9574,11,9,2
9575,12,6,6
9576,12,3,9
9577,0,0,0
9578,4,3,1
9579,5,5,0
9580,13,9,4
9581,10,9,1
9582,13,9,4
9583,11,4,7
9584,6,0,6
9585,8,6,2
9586,10,5,5
9587,16,7,9
9588,13,6,7
9589,11,7,4
9590,8,4,4
9591,9,2,7
9592,13,6,7
9593,14,9,5
9594,9,1,8
9595,9,3,6
9596,5,1,4
9597,16,8,8
9598,14,6,8
9599,5,2,3
9600,5,3,2
9601,10,9,1
9602,9,3,6
9603,14,6,8
9604,5,4,1
9605,4,1,3
9606,9,6,3
9607,18,9,9
9608,12,6,6
9609,6,3,3
9610,13,8,5
9611,15,6,9
9612,17,8,9
9613,10,3,7
9614,3,3,0
9615,4,4,0
9616,3,0,3
9617,10,4,6
9618,11,6,5
9619,9,2,7
9620,7,0,7
9621,9,3,6
9622,7,3,4
9623,6,4,2
9624,12,6,6
9625,13,4,9
9626,15,8,7
9627,7,4,3
9628,7,1,6
9629,9,0,9
9630,8,3,5
9631,13,6,7
9632,10,7,3
9633,14,8,6
9634,6,6,0
9635,13,7,6
9636,10,7,3
9637,14,9,5
9638,14,8,6
9639,2,1,1
9640,5,0,5
9641,12,8,4
9642,8,8,0
9643,10,9,1
9644,6,5,1
9645,9,5,4
9646,7,4,3
9647,5,4,1
9648,10,7,3
9649,12,6,6
9650,18,9,9
9651,4,4,0
9652,3,0,3
9653,8,7,1
9654,8,6,2
9655,9,9,0
9656,4,3,1
9657,12,5,7
9658,13,8,5
9659,15,8,7
9660,10,2,8
9661,10,7,3
9662,5,0,5
9663,16,9,7
9664,16,8,8
9665,6,5,1
9666,10,3,7
9667,8,7,1
9668,12,3,9
9669,5,0,5
9670,10,8,2
9671,11,4,7
9672,7,6,1
9673,11,8,3
9674,12,4,8
9675,9,0,9
9676,12,7,5
9677,1,1,0
9678,8,5,3
9679,11,8,3
9680,13,6,7
9681,15,9,6
9682,12,8,4
9683,17,8,9
9684,5,4,1
9685,7,0,7
9686,2,1,1
9687,12,9,3
9688,15,6,9
9689,16,7,9
9690,13,8,5
9691,7,0,7
9692,16,8,8
9693,18,9,9
9694,12,7,5
9695,10,4,6
9696,15,8,7
9697,9,0,9
9698,8,3,5
9699,13,4,9
9700,8,6,2
9701,4,0,4
9702,17,8,9
9703,9,9,0
9704,9,4,5
9705,13,4,9
9706,12,9,3
9707,18,9,9
9708,9,2,7
9709,12,6,6
9710,13,6,7
9711,2,2,0
9712,11,3,8
9713,14,5,9
9714,15,9,6
9715,7,0,7
9716,15,6,9
9717,7,5,2
9718,9,6,3
9719,17,8,9
9720,14,7,7
9721,9,0,9
9722,4,2,2
9723,10,7,3
9724,2,1,1
9725,13,7,6
9726,1,1,0
9727,4,0,4
9728,9,1,8
9729,10,4,6
9730,15,6,9
9731,15,6,9
9732,6,2,4
9733,4,4,0
9734,3,0,3
9735,11,2,9
9736,11,8,3
9737,11,3,8
9738,18,9,9
9739,9,0,9
9740,7,3,4
9741,13,8,5
9742,6,3,3
9743,16,9,7
9744,11,2,9
9745,4,4,0
9746,13,8,5
9747,16,7,9
9748,17,9,8
9749,14,7,7
9750,5,5,0
9751,16,9,7
9752,12,4,8
9753,7,7,0
9754,16,8,8
9755,12,6,6
9756,3,1,2
9757,15,9,6
9758,13,4,9
9759,10,3,7
9760,10,1,9
9761,12,6,6
9762,13,4,9
9763,8,5,3
9764,11,4,7
9765,15,8,7
9766,9,9,0
9767,12,9,3
9768,13,6,7
9769,6,2,4
9770,13,4,9
9771,9,3,6
9772,12,9,3
9773,11,3,8
9774,3,1,2
9775,14,6,8
9776,12,7,5
9777,12,4,8
9778,6,5,1
9779,4,2,2
9780,14,8,6
9781,15,6,9
9782,5,3,2
9783,11,6,5
9784,10,3,7
9785,4,4,0
9786,6,2,4
9787,7,7,0
9788,0,0,0
9789,11,8,3
9790,13,5,8
9791,10,6,4
9792,3,2,1
9793,6,6,0
9794,10,7,3
9795,6,6,0
9796,8,6,2
9797,6,6,0
9798,11,8,3
9799,11,4,7
9800,7,3,4
9801,8,5,3
9802,9,1,8
9803,14,9,5
9804,6,2,4
9805,11,7,4
9806,14,5,9
9807,8,7,1
9808,4,2,2
9809,16,8,8
9810,2,1,1
9811,6,3,3
9812,12,6,6
9813,16,8,8
9814,12,9,3
9815,7,4,3
9816,6,4,2
9817,11,8,3
9818,4,0,4
9819,16,8,8
9820,18,9,9
9821,10,4,6
9822,17,8,9
9823,10,8,2
9824,12,9,3
9825,7,3,4
9826,9,3,6
9827,11,4,7
9828,3,2,1
9829,18,9,9
9830,5,0,5
9831,10,1,9
9832,13,5,8
9833,13,7,6
9834,5,0,5
9835,16,9,7
9836,9,0,9
9837,15,8,7
9838,8,4,4
9839,16,9,7
9840,1,0,1
9841,9,2,7
9842,0,0,0
9843,16,8,8
9844,16,8,8
9845,6,3,3
9846,11,4,7
9847,13,6,7
9848,9,2,7
9849,6,1,5
9850,8,3,5
9851,7,7,0
9852,3,1,2
9853,14,5,9
9854,9,7,2
9855,7,5,2
9856,10,3,7
9857,18,9,9
9858,5,2,3
9859,6,0,6
9860,10,3,7
9861,7,0,7
9862,16,7,9
9863,10,4,6
9864,17,8,9
9865,4,3,1
9866,6,3,3
9867,14,9,5
9868,12,4,8
9869,8,0,8
9870,10,2,8
9871,3,1,2
9872,5,3,2
9873,2,1,1
9874,0,0,0
9875,18,9,9
9876,10,6,4
9877,5,1,4
9878,17,8,9
9879,17,9,8
9880,15,9,6
9881,8,6,2
9882,16,7,9
9883,1,1,0
9884,15,8,7
9885,3,3,0
9886,18,9,9
9887,17,8,9
9888,10,6,4
9889,13,4,9
9890,3,0,3
9891,10,3,7
9892,16,7,9
9893,9,1,8
9894,13,8,5
9895,6,5,1
9896,10,6,4
9897,13,6,7
9898,12,5,7
9899,1,0,1
9900,14,7,7
9901,10,2,8
9902,10,9,1
9903,12,3,9
9904,14,5,9
9905,10,7,3
9906,8,6,2
9907,17,9,8
9908,3,0,3
9909,11,3,8
9910,11,3,8
9911,11,8,3
9912,12,6,6
9913,7,4,3
9914,12,3,9
9915,12,4,8
9916,8,5,3
9917,6,3,3
9918,5,0,5
9919,18,9,9
9920,15,6,9
9921,10,6,4
9922,17,9,8
9923,5,2,3
9924,18,9,9
9925,8,6,2
9926,13,8,5
9927,12,5,7
9928,9,9,0
9929,0,0,0
9930,13,4,9
9931,11,7,4
9932,6,5,1
9933,17,9,8
9934,10,4,6
9935,15,8,7
9936,15,9,6
9937,14,6,8
9938,9,7,2
9939,4,3,1
9940,10,2,8
9941,9,7,2
9942,10,7,3
9943,7,3,4
9944,14,7,7
9945,10,8,2
9946,17,9,8
9947,4,1,3
9948,9,5,4
9949,13,9,4
9950,4,1,3
9951,10,6,4
9952,12,3,9
9953,17,8,9
9954,13,6,7
9955,11,4,7
9956,11,9,2
9957,12,5,7
9958,6,5,1
9959,6,3,3
9960,8,7,1
9961,11,2,9
9962,18,9,9
9963,11,8,3
9964,6,5,1
9965,11,7,4
9966,13,5,8
9967,3,0,3
9968,14,7,7
9969,15,9,6
9970,4,2,2
9971,10,6,4
9972,16,7,9
9973,8,6,2
9974,11,7,4
9975,7,7,0
9976,14,9,5
9977,9,2,7
9978,18,9,9
9979,15,7,8
9980,18,9,9
9981,12,7,5
9982,15,6,9
9983,5,3,2
9984,4,0,4
9985,8,8,0
9986,10,9,1
9987,10,7,3
9988,12,4,8
9989,3,2,1
9990,11,4,7
9991,4,0,4
9992,8,0,8
9993,0,0,0
9994,8,0,8
9995,5,3,2
9996,4,1,3
9997,13,8,5
9998,14,7,7
9999,18,9,9
10000,10,8,2
